,H4K5ac,H4K12ac,H4K8ac,H3K4ac,H3K23ac,H3K14ac,H2AK5ac,H3K18ac,H3K9ac,H3K56ac,H3K27ac,H3K4me3,H3K4me2,Htz1,H3K79me,H3S10ph,H3K4me,H4K20me,H3K36me,H3K36me2,H4K16ac,H3K79me3,H3K36me3,H4R3me2s,H4R3me,H2AS129ph
0,0.013733500580834692,-0.014889520045790226,0.008667983401754913,-0.010764354552556307,0.09873583141190723,0.030270153913084134,0.02116752074441835,-0.004797547642921684,-0.05814522257754606,-0.018976616780162308,0.008576767525257668,-0.01113658031118909,-0.011149315694295685,0.010376218015910406,-0.4119089969136972,-0.0004117789816072385,-0.07532092265880111,0.11622855077384972,0.33086987627179676,0.01040272088709462,0.66562744909661,-0.3337919993103768,-0.36210596839069337,-0.0016726092709953863,0.003805438650191213,0.006512527758884887
1,-0.007797138240912414,0.023031998934509367,-0.08184532969949698,0.06342843209458965,-0.1858252198696315,-0.02480005411762862,0.0586236566132487,-0.034860873331413196,0.024316064975459184,0.1707100966445565,-0.002653375755863237,-0.02772757033483539,-0.0038645230813677597,-0.2537315107913129,0.35198858711006775,0.05135125792596312,0.1310482810963161,0.2009051094823783,-0.5952786338499869,0.014218960816143057,0.3719974757248347,0.11448222017674639,-0.40244304145509907,0.028330763208152317,-0.020330977221621263,-0.026309927393539524
2,-0.06603842916488285,0.01105623831298933,-0.012592543846558526,0.20247140188744556,-0.02361720710548301,-0.1037208352731026,-0.07025459075373582,0.035949882046934015,-0.022673403269304546,-0.05175477703167575,-0.0015462431834326817,-0.018409230178367243,0.002175052538661663,0.014054226199973999,-0.2082914273039225,0.09593793255192966,-0.2604320177669875,-0.1503935445228669,-0.4249560536747052,0.00628379080063696,0.40602916006351725,-0.08858379186854513,0.660373690829466,-0.002264041260203521,-0.012150140723383156,-0.021699135913974012
3,-0.08309510316340007,-0.00867721098307817,0.07996169520007294,0.13795421593595902,-0.02407442158647686,-0.025167289417319865,-0.18550015449098176,0.09352350391472414,0.014658410735659204,-0.3985321013053267,0.009530545559819154,0.018793551483266245,0.021134759582238812,0.4846928900083186,-0.3428545786234016,-0.014935761319085313,-0.10531709927831918,0.3499714409290419,-0.2709446846858298,0.04663577298409477,-0.10981365147169478,0.3565423999350335,-0.2473984118844011,0.005534591564737158,-0.02799475444963797,-0.015242971934394415
4,0.05474061231740562,-0.021745628228810248,-0.133813044727066,0.18731731070112062,0.06946443336383558,0.03669164944065333,-0.004586015468137561,-0.00012732657074840913,-0.03679173374811811,-0.15802806985143708,-0.011048916297275202,-0.01000241279819073,0.022722423110494928,0.07270441305596857,-0.21406044549615236,-0.017696662834178003,0.6446400744185612,-0.6126896850739874,-0.0810172998338112,-0.04234937394663932,0.10773974218904446,0.1868003298988395,-0.10552691386537451,0.03641422696346468,-0.024106981985365986,-0.0025107007748656675
5,-0.015065373783944224,0.047074334755038375,-0.07554657276791893,0.44724310822886604,-0.5906162647989921,0.23890148080462967,-0.11921653324991557,0.1563034782229546,-0.0455767620918822,0.13145828790768999,-0.005267817958782229,-0.15100291239074579,0.06897735711624765,-0.11682354387301562,-0.010426447613507202,-0.11333858765450465,-0.24460722427825987,-0.1363669056409016,0.3020231488296815,0.004437303762425573,0.047595680862430954,0.28739077701037036,-0.04969931532696787,-0.12396313767578078,0.03577275748556232,-0.009418976462369636
6,-0.13492215155091675,-0.004629282475131137,0.34444198854657304,-0.26994956736055825,0.07452175845474983,-0.2148769156098899,0.3510500315741112,-0.1588324657966553,-0.1264221592032494,0.1257397305459573,-0.013458435703351654,0.018804025104910114,0.02653422996019385,-0.2704530883556883,-0.25626290723223155,-0.07740546893293077,-0.17059788512525925,-0.1258330081785628,0.04485544288282328,0.02356036264439439,0.09152881219049594,0.5944533999674662,-0.011352467095409722,0.048964549484780975,0.004009115897720785,-0.02082195755148697
7,-0.055025453631602064,-0.004335792444816491,0.6261795239755049,0.003051038184400612,-0.22389181486734921,-0.13187308082785687,-0.20370146243322823,0.24211815652138158,-0.3899275573132208,0.20252990193902226,-0.01858409703861601,-0.0908496592428039,0.006710796701056378,0.13418903251515218,0.045659684085299385,-0.11266575482909436,0.26122248302155276,0.02438383099227074,-0.02436315022520619,0.08032031794120811,-0.0091353497855213,-0.20829391249762907,0.03808820009965628,0.27353219811631585,-0.07838292620451223,-0.030948559636656832
8,-0.07338686321558428,0.00878379300334342,0.11274008316840564,-0.11623039268313218,-0.050784636386090196,0.06685649594064606,0.08096204406444545,0.012910335916407348,-0.2037840066249565,0.08105068876230069,-0.027763228381595263,0.01927654267049494,-0.012409598828076114,0.09542225650203982,-0.061127368145755395,-0.05676799483390919,0.12312957195732604,-0.006258658378213354,-0.13917398177476917,0.22127223291261358,-0.02378951500956238,-0.09209739668379398,0.003971933755123209,-0.7623824935324006,0.39836470588622724,0.23785055475371633
9,-0.06182371439359553,-0.027101635864767985,0.2983343396129367,0.08971604990252059,-0.3325276784744736,-0.09781280926211953,0.23402948328930584,-0.2687523290798325,0.5156983928226573,-0.3490216346203764,0.022143780399966104,-0.12596404621110666,0.00931031993580833,-0.1210589443539637,-0.02521180575714441,-0.05813917246150609,0.12761796721318455,0.013546314222875633,0.028639066390623046,0.3002576931850744,-0.024973234094966407,-0.19731626638211264,0.037898321753102295,0.009787457907233735,-0.1441493122061014,0.24302715103106606
10,-0.002010757043660428,-0.16226170970859022,0.04995442614538129,0.18589777106910732,0.07785527218546187,-0.046936589714176996,-0.047383118978842606,-0.06429285764864896,0.13077141233402254,-0.005383283207857402,0.029338458757502375,0.13324421390328867,-0.047992230883746816,-0.1153386616159709,-0.023933727298845804,-0.07971448315408422,0.029306720956648765,0.014014824074896426,0.018430975035920324,0.41600155711425496,-0.04799922719805805,-0.041073000204075644,-0.011765050536260476,0.08617060873392672,0.47017433435226774,-0.6757374871326184
11,0.03741776896171021,-0.07260486162389282,0.17191984790098175,0.11191656477442266,-0.05168764713379717,-0.20397959831527193,0.034848740782547835,-0.033379659533758946,0.19367572670395672,-0.09304499458821613,0.001161096501602661,-0.06088566232808452,0.1622263099650834,-0.006930455718365748,0.051102291653563815,-0.14059735957400812,0.1556976187521812,0.17511332979230348,0.06796101835997957,-0.7189553062672108,0.07864594548275336,0.01224525791982558,0.0922176277042691,-0.03384980081026473,0.46170837012441307,-0.020897830803172836
12,-0.17448677274564703,0.1559290686891197,-0.046194261370169215,-0.24439157631294622,-0.272205925787136,0.1850040437987457,0.3363962189475375,-0.026881754691375177,-0.16296855991845569,-0.1636205919091197,-0.012015585568703595,-0.380113223068809,0.09996954571296694,0.1294044895510905,-0.0645291955299045,0.4723389510802462,-0.060423292757578136,-0.12130048003248459,-0.08008475255221088,-0.11956122309166577,-0.1061091607414682,-0.16541882338952685,-0.07553893820269461,0.1096956544600125,0.16642013060677374,-0.29338133709987074
13,-0.16598474061535318,-0.22711694422584014,0.2610697814524197,0.31301062444354893,0.047912034125681985,-0.048883578450950115,-0.07875175639920408,-0.2015811286905113,-0.13496998849893016,-0.09654078472055093,0.005060664932160934,0.4497322416151718,-0.00039830527410119606,-0.023922837359062595,0.16768681810461175,0.5232887011390506,-0.19539118666256164,-0.21743681554773012,0.04365945486334446,-0.10944371442796352,-0.051309592999921244,-0.062296231598422874,-0.1979407880315378,-0.024475098665013115,0.04337601115103881,0.152815858550598
14,0.22023881282110333,0.08029898908107887,-0.11126081484723689,0.3676549757504708,-0.024671910419106935,0.09054256650082233,0.4797663300542496,-0.3415439606737768,-0.43368744231093825,0.006959750663860487,0.07072573208015319,0.19743240321619554,0.18712442656246503,0.05644699666002525,-0.08759790641123431,-0.23096929707164865,0.05286002291455817,0.2222621911428047,-0.057630177183506555,-0.004356342707521572,-0.12525351698832612,-0.1261430817854367,0.07793886518719219,0.10715609244257863,-0.07608298951669552,0.006727665927328543
15,-0.19509833464028004,0.21231870295835154,0.08147296131867952,-0.23941055592806557,-0.13814998351417174,0.463410670394151,-0.17664680387222687,-0.3909361877334149,0.0032997028864084135,-0.08481812491255272,-0.10057338103635263,0.26337447534942005,-0.3094120030523924,0.14544049248635216,0.09324299712995424,-0.33277518548572016,-0.06391689144971574,-0.12901338070677143,-0.06539361703811612,-0.1171132604164888,0.12527791206938454,0.000560186623956664,0.02981903051562644,0.18331833047710244,0.15145369295299457,0.013195562281399193
16,-0.10231426894941331,0.7419237455719403,-0.1568960640302206,0.09922149525383567,-0.0650170721055453,-0.4488520743382061,-0.0795057782149688,0.016160941510160218,0.013113184000022425,0.06648406657796946,0.09005141058539322,0.15172075576455862,-0.1258843996381243,-0.04376658275843019,-0.08925611845722088,0.10216341052320944,0.028339579376089,-0.008538434520115795,0.06356306227565967,0.08531209538114524,-0.08125291656177244,-0.03547361136183824,-0.06543602858940537,0.1319781563763645,0.23480918906401368,0.15350779620309568
17,-0.48894831236596825,0.17472601009010166,-0.011617170424038642,-0.0312952278461987,0.13941123088431034,0.13337596195583318,-0.07057284988962507,0.16046429870220888,0.04624224635906691,-0.10456554021280923,-0.104212199958987,0.18099684730315976,0.7168079136349819,-0.1686818239652856,0.03424984630263508,-0.18998416014658345,0.001489609151158319,-0.031077808439984426,-0.031150674610383358,0.03215596996927762,-0.01347713786856907,-0.0996789225665526,-0.03028120909316214,-0.021645618168186463,-0.08892133587677341,-0.05218350723985746
18,-0.4493913920029625,-0.28312881556684194,-0.17866925371844417,0.05952084920203721,-0.040605637632738376,0.12853539627850166,-0.128206385275687,-0.11605908829180313,0.01879442596159628,0.3114020850228081,0.23620996627443783,-0.08340963676280962,-0.14456961985116423,-0.25042719009598075,-0.4227039528290474,0.06000419700315212,0.1750812136762857,0.195244829584098,-0.09908334324569754,-0.07887974987563723,-0.23496879905670706,-0.08085255968663804,0.02848670906156044,0.15202576399743428,0.06744885850982846,0.1825911375196827
19,-0.11095120726550163,-0.07178724051936267,-0.12116000726125933,-0.02103730039571427,-0.19397934816309115,-0.2438207932703522,0.0042971314360540636,-0.2896945106244173,0.20510090717085155,0.46048561420084533,-0.5086966639526906,0.10591787535038243,0.12260942521685111,0.3909370648902883,-0.09097348571692636,0.07721403696222423,0.07913335449546667,0.009583628043343147,0.04775707599310969,-0.02448746855941518,0.006533515001849735,-0.00928193900449221,0.01141036711403678,-0.10192033362877866,-0.17815407115158297,-0.1690232935234895
20,0.3056398453665961,0.11698408043318684,0.15224145450245544,0.03612258457521852,0.2164594965407542,0.15025979276500429,-0.31444171950389843,-0.41168318877742704,0.08992144690965248,0.24444345050245658,0.15397555700942098,-0.3569329832905463,0.4043264612996454,0.09847070343215444,-0.023922132970940597,0.10999587436871669,-0.104142955093539,-0.08042044356474855,-0.06739627049604568,0.13484382329260297,-0.0070463488925442295,0.06276923016335065,-0.05521499489519934,0.11382734668706777,0.18488214958200005,0.17781116722453666
21,-0.0720275124636758,-0.014472472126137205,-0.015378382869260021,-0.15771399064053646,-0.17822751974498408,-0.13416419790558123,-0.01071805814996856,-0.09660797545163442,0.0828439955626943,0.11390158475464844,0.7828926325921166,0.16640524671229434,0.10295145318306369,0.2590961368383302,0.0796775553329772,-0.06272733709329184,0.0019823487135953084,-0.1066006754401519,0.031762311785558335,-0.07649191591577918,0.08452845299640747,-0.004708163964589127,-0.002756278940955459,-0.1920568049736077,-0.2122992848089177,-0.23336428892132838
22,-0.21877541439375736,-0.2792479487656468,-0.18962843445183838,0.053666144656174405,0.06551283452514103,-0.2594390556664266,0.20991235700385893,0.09820583531755436,-0.025269677822786538,0.047137951835669135,0.02904040361430564,-0.1924149736586177,-0.007825696571747153,0.2981618792597019,0.18140823459215133,-0.34945367422081125,-0.30189970130496,-0.303486383576903,-0.07514877722960299,0.09122170073775933,-0.012656968088728912,-0.12040145197685052,-0.19185525172127957,0.24181411910491368,0.2336038110953232,0.2521283030173605
23,-0.4261974609374868,0.11541749972624174,0.01659539071191518,0.2755751527363151,0.3060458457488062,-0.08315395184960477,-0.05683957324383044,-0.28412668189327633,-0.1789311250413459,-0.11199133543120324,0.004199920435816713,-0.4304896766704414,-0.19873846357841393,0.05528577928486491,0.2966230718274476,-0.02243041358247808,0.10487734459581077,0.12995539188280916,0.19698137890253203,0.008308401721024757,0.11620505545274855,0.10517162076471306,0.07980612632741475,-0.19023574817553063,-0.17187802362399773,-0.14112788969766807
24,-0.1118668781942814,0.17083957760307522,0.21735875350247244,0.2318179621972889,0.24851348878903676,0.370931481664681,0.3975305796228908,0.3150207211614818,0.34350756960072776,0.32224244468343405,0.09290448982804296,0.08377101463954673,-0.09935672568296862,0.2766740608561461,0.06290389240221773,0.14205084722539774,0.08067871928062459,0.06710281569340067,0.03067155417995807,0.029769334758207117,0.0889343760701637,0.10439736369321925,0.07405742932075987,0.08654812477092022,0.05626490058493204,0.06976853255437762
25,0.0665293151342217,0.1892332320199517,0.22582917326703456,0.18830026267737957,0.16125194362221923,0.008028146721355267,0.014381630570276145,0.011425480503356303,0.1362173789733537,0.11747242973569993,-0.045618370774792506,-0.1253248323085071,-0.18621645405531528,-0.14243058568306427,-0.2184970942577253,-0.2177580100926693,-0.251045469038509,-0.24681572836763702,-0.2695690060155587,-0.26670935479822167,-0.2711955008718015,-0.2676058060735394,-0.2731854304832912,-0.2329188626124435,-0.22965749819345793,-0.22828245753077434
