,H4K5ac,H4K12ac,H4K8ac,H3K4ac,H3K23ac,H3K14ac,H2AK5ac,H3K18ac,H3K9ac,H3K56ac,H3K27ac,H3K4me3,H3K4me2,Htz1,H3K79me,H3S10ph,H3K4me,H4K20me,H3K36me,H3K36me2,H4K16ac,H3K79me3,H3K36me3,H4R3me2s,H4R3me,H2AS129ph
0,0.17417600276347686,0.16611655324216268,0.18286816932537253,0.34302374571182975,0.32192553101739424,0.3388830264579396,0.2461950273304285,0.3519977651633676,0.27790111503527754,0.27415857343818373,0.17192627359982485,0.2289134290710444,0.14461186057425773,0.09559469239687209,0.06367864379960658,0.018763875438422985,0.10513849059283882,0.09477960750388628,0.07015746683875634,0.105891081095382,0.05259487172103387,0.12873751767075925,0.16016400826774796,0.16095988898213387,0.09510492198095734,0.05515850986549545
1,-0.169949692947127,-0.15446407063466963,-0.17318779237009577,0.20019971120135527,0.1874046149823018,0.1869659889818111,-0.03776453442686926,0.20201122383027242,0.17268396000361125,0.15999755659774523,0.07212208755929417,0.08044783497653281,0.013750586458530568,-0.15434155426905494,-0.12368153889451494,-0.005123659687376857,-0.1792771019299983,-0.17777784967446503,-0.14678328608768476,-0.13911911964235132,-0.11787173608138614,-0.4096466893579074,-0.46745294619259703,-0.31359143352529056,-0.2319151231807563,-0.03822348051977779
2,0.22359297857869223,0.22037270584922544,0.24614768356365377,0.15536073346320176,0.0407785333518692,-0.08637064513425699,0.0961437599044407,-0.08118082127560848,0.1634444879374086,0.14448989708671714,0.09578385783300279,-0.5148849263294051,-0.4136156643970878,0.06013587695366491,0.02939812925302205,-0.02750293010653899,-0.3754450585138984,-0.2341765351775565,-0.08342962684716672,-0.2463195761823264,-0.09591972763689707,0.04231650504992501,0.04539871683163725,0.0314526873720288,0.03970937382051191,-0.12050895783417567
3,-0.39833776224789574,-0.38310861168580723,-0.41892246061777294,0.1879401089478599,0.0365135655842143,-0.0509796875849494,-0.18871425382001628,0.031402679060403074,0.2828792869631765,0.23326758111534265,0.07901067262069889,-0.2654771519712096,-0.2574568680011145,-0.007207517579119867,0.06904828670862781,-0.00032151903168812715,0.07204708571657653,0.12884205375780614,0.08387435674584229,0.05427383569496641,0.11069156124878743,0.2258614433698979,0.22944493410639732,0.10188433409904019,0.02174817445392825,0.049101088049307226
4,0.14389157963603105,0.11298906912413176,0.12326144382963754,0.03894279798135678,-0.02043556351431555,-0.13501032377009317,0.005544946771147378,-0.10840836922109916,0.11180276984941126,0.08307125272846151,0.12127906562219931,-0.34001752988083067,-0.04287500970234221,-0.04431449742582094,-0.029443872884608247,0.013194372384392944,0.23878471388049258,0.2880373742045218,0.3165916289398655,0.40224178345546596,0.361269424176556,-0.3044635799847991,-0.3640336313083293,-0.036487632398197065,-0.059090164026882774,-0.04750168914440338
5,-0.032762744681023095,-0.01122046648761018,0.02556597744178275,0.012642600925390565,-0.0039530385837493656,-0.011644982795773114,-0.076229648079826,-0.09679642534879641,0.0005660421066638684,0.03240756127219891,0.09407482988250794,-0.030303620391685146,0.2874519532906861,0.10445645068764274,0.3078133691135937,0.03546608750894069,-0.4306630628228511,-0.29716474882912536,0.2879821519763888,0.42735240273295927,-0.006694034512868308,0.09630120020342463,0.18730072979222695,-0.35786235140738354,-0.20343432794307825,0.17057909202259694
6,0.10157647198130243,0.08143611026349522,0.10974828868003592,0.0234916362072185,-0.09855105327282379,-0.11412923830517228,-0.10843687426635835,-0.06418289175322592,0.12229518253303279,0.07441984594898318,0.01669791456931249,0.0968371068341808,-0.15505647765876082,-0.10009035153229788,0.17441855700161454,0.009590508358916415,0.16710321044424312,0.01659955344167018,-0.03414385618746169,-0.2459070709129942,0.024448431693268175,0.03851147297458885,-0.11766141125890521,-0.09703212404839318,-0.07916752589539551,0.8459728463596675
7,-0.04828881911447805,-0.05143564125214418,-0.10191768335297896,-0.11817135788645403,0.14301650699529528,0.26728639969738066,0.18498004804510768,0.26372729145097984,-0.30054081754994894,-0.22552684916375235,-0.14447428678362365,-0.008400066992073145,-0.48660892524515686,0.13237471643332643,-0.16932705050363742,-0.03381574795864444,-0.2629786719742821,0.024641856269033167,0.19534924854520253,0.2648320208907786,0.010081762048934195,-0.15443658383167996,-0.014353848817825667,0.1443052238163021,0.07240604404216633,0.31695607004413207
8,-0.022144691034639088,-0.0557181844194323,-0.04372860360853612,0.010120814390270955,-0.06727146895209082,-0.11296226855159269,-0.01663778204440479,-0.028969207342554048,0.0841140786428727,0.06275934677714198,0.010349877504585709,-0.07444326326608684,0.4019468664831555,-0.13948822629080285,-0.3453521418182142,0.04647963019295199,-0.4134469611812858,-0.1136812907421571,-0.15134352938665624,0.06101780240619802,0.28499546569605655,0.08805912967711652,-0.20728257331764396,0.4315285957003008,0.2712174014842633,0.23381706353418408
9,-0.03111260745204862,-0.018627959487271584,0.0035620060843031204,-0.0534530366347694,-0.021430504297976535,0.0416496981512882,-0.05295093058911142,0.017631348511056553,-0.05706563748143275,-0.0319996190754429,0.06132420977627384,0.3240420608800274,-0.2184243125721787,-0.13967014057514063,0.5387623544207482,0.010845153488755593,-0.23101128842034604,0.011485848105822054,0.1840410115718674,-0.16037047713123426,0.3130481402379677,0.2444624367795368,-0.40326029082988774,0.15041811313059592,0.0927051852515106,-0.23489358044329522
10,-0.11426638694510227,-0.08789010921199916,-0.1209950870832456,-0.016406700338183706,-0.0340973207543545,-0.05227680845623151,0.17453011662866388,-0.053478965023508795,-0.016532766209338808,0.010681773236523188,0.07793382564855757,-0.10394238009130058,0.20377687846007503,0.7912308589509363,0.2562179187601723,0.05747291143765473,0.025718434926184083,0.021956796233181593,-0.0013773677087308145,-0.22179526621370646,-0.033414209418258844,-0.22882763785163662,-0.1857787463220742,0.15056617065912367,0.08144079585114467,0.07531539329428483
11,0.0455894930834409,0.019473982368611878,-0.00801671308845198,0.07556333798584287,-0.18401414162299706,-0.20155979793811082,-0.025782997551971817,-0.32923214674455115,0.26048561807999837,0.16259081935073696,0.0647642865321557,0.5820237594129933,-0.30547598819620014,0.25148146280701505,-0.31302987488780726,-0.06369439921018143,-0.1398806965103404,-0.05232560278884466,0.07942120879331124,0.08594831765981299,0.10719438278128127,-0.19108846603569954,0.14531693361747733,0.003646583645747505,-0.012381463503612402,-0.0842371546604517
12,0.01257406329409336,0.003899640942939675,-0.009438400687146794,-0.06569047972217071,0.1389413032391591,0.13664236321031534,-0.031152608258023386,0.029024118596374524,-0.14436134717219365,-0.09314552960629612,0.11560043802191601,-0.0487396462214737,0.025686761150334383,0.01899098342809904,-0.04786912047989631,0.19643592295530676,-0.02913914861995624,-0.03818162282281097,-0.11590456948708959,-0.3204150069443143,0.7186027291776953,-0.2052225655014612,0.37110832521385795,-0.20792437714689735,-0.1029530103862377,-0.003653667423926502
13,0.0230975769628055,0.030371132064332233,0.04725940245346802,-0.03223644622160684,0.039415404096590785,0.05372051542538325,-0.09906448118606738,0.0814499591707222,-0.04136812437542813,-0.03018160041793569,0.03418931149527958,-0.018501532115294095,-0.10364109772819889,0.38593827781545575,-0.31544051529985717,-0.02315928354386081,0.10145412268231432,-0.0447260424847115,-0.24299546135202568,0.1290916359006208,0.1836528990653139,0.6072983476791948,-0.3247014853211888,-0.30752382780692644,-0.13969301068925838,-0.021475174212711796
14,0.033924848721682006,0.02146492893971606,0.03145341437701709,0.00501417519978799,-0.048652300650406946,-0.029519972611616818,-0.14772185644571678,0.06882005785004242,0.030076052778904277,0.023088950925397984,-0.04593699487079545,0.03768963283078773,-0.09144168739372645,0.020644482853268607,-0.04667704806325342,0.956183646219714,0.0012372530983761354,0.0015921958831110034,0.04061843406328665,0.05736100195488992,-0.16436486989731336,0.012436483618083008,-0.04318481453258558,0.036828899531736375,0.02676225025967302,-0.03609997331283065
15,0.09974988703190195,0.07453008191155124,0.14980870648363864,-0.01865434394883973,-0.13364081394933855,-0.05666085823304497,-0.6812298863249862,0.49475318027973886,0.08602564272807023,0.01674636735209293,-0.23234147289235665,-0.020703535470343187,0.06382727218673058,0.19192913041580315,-0.046855620420862464,-0.17449731264061658,-0.07170008660315416,0.02371901059693399,0.21754162369623456,-0.11936824807607142,0.012034049433582689,-0.12337204963025346,0.057759823052361194,0.029694497649548745,0.07493236805429235,-0.06047274790912251
16,0.011475174617708916,0.040387349688127794,0.049609137716425375,0.1250083048769032,0.1717384792027053,0.28908644201824474,-0.409433063607746,-0.3096344450639434,-0.0662430751768665,-0.0050628793313812126,-0.04807037409696742,0.003856022423909118,-0.10309275354264065,0.057032853512748734,0.24040372018195566,-0.03155056017613599,0.10194701636433727,-0.12668268578225114,-0.46328398251902836,0.32480344700966995,0.020653021743717317,-0.18450165413650502,-0.009218036787556212,0.02738143760282445,0.3766853116438582,0.020010302739175256
17,-0.023428489707840824,-0.022552767460237322,0.04394099688065418,-0.10392645068234337,-0.29822124324444926,-0.31142631501296897,0.23072453370050613,0.44481086564357214,0.13357563051278973,0.031660396102919555,-0.10029862430549714,0.03637017534311229,-0.10638596333189754,-0.011584523015455817,0.26859956981685257,0.004649647336485912,-0.0004116994151609769,-0.062165748534286906,-0.5147634885169907,0.3120835024605847,0.13902913886060192,-0.12449337987160525,0.07898415374600024,0.0493149073325851,-0.15572508719979689,-0.03688433414861822
18,-0.13425568583394978,-0.027900507016301507,0.07111898560350897,0.21331204468428733,-0.16612879547433707,0.0587763120022932,0.28787199806630503,-0.04663854892356274,0.12768495923932316,0.06427711932958874,-0.6683382083318102,-0.03561778278442725,0.035258671922007136,-0.007486913147933009,0.009786835612981248,0.036631391560154714,0.020116469122822125,-0.03327279550812708,0.11979764095470224,-0.0649756482286955,0.1515747602837883,0.033191694516112855,-0.031460795228110655,-0.37205280950280956,0.3996567720287323,-0.011020006053589118
19,-0.05474916207504544,0.039262820278548605,0.10981491997834894,0.18719914318357397,0.007845922978212858,0.23434954433467453,-0.061042848304982425,-0.2376954563835226,0.019206915139762512,0.027326739688088197,-0.4918059068199863,-0.03369600312011524,0.03933995358462903,0.05590670381170758,0.043203162444294944,0.011606766636212778,-0.053278613472546595,0.07414632052444978,-0.05624943816348884,-0.0021069342413157135,0.07863204817929673,0.02802268089301905,-0.0070206396047838415,0.37164721981550886,-0.6523227765249114,-0.013564776702743446
20,-0.7866765210808986,0.22189582616417447,0.5374327175431536,-0.03131645169342628,-0.0031725823247767066,-0.021235573925733022,-0.009908168145233135,0.01394186715320407,-0.04151762624724984,-0.009895282332334922,0.1711337247172431,0.0161403990669216,-0.026686372094437298,-0.011750512327319648,-0.07038579403414225,0.0013191544390513518,0.014943493736162964,0.01133422064199408,0.02108349569140754,-0.004417137822387934,-0.01701955952810425,-0.030931629946451503,0.009274790097538302,0.03404380036286848,0.024138104519707958,0.016406556539041904
21,0.011672480289204973,0.0498274138187104,0.015833823660496692,0.0016021352981511554,0.025654575725974325,-0.0011504926166560404,-0.036341031053621534,-0.05733066850680394,0.01816587939379003,0.0007224334759078439,0.01211914486726926,0.02040774549310664,0.048612291277789696,0.022388142760088173,0.044041340461675516,0.006128634921043885,-0.44310662724077804,0.8166212834743825,-0.23409793239462406,-0.021046641345395377,-0.10676933305292194,0.010487856955013648,0.04818556502871541,-0.22826634401471843,0.03334251285864185,0.02485770935388079
22,0.166485041488436,-0.8101224487819089,0.5542021648432496,0.006083163947140261,0.01632146586595466,0.018310294861684583,0.01989416443951604,-0.027242045272921133,-0.03496760494290179,-0.011587817859431766,0.054653559068457966,0.005951544464741181,-0.01668439426115332,0.01262056787707698,-0.020234803552749932,-0.0016735553801022524,-0.004291193294010949,0.031088568042622524,-0.0003188076319054975,-0.009230690362715746,-0.021840748464821206,-0.015006620528841885,0.006139866999852556,0.0019345420498038945,0.0045662638865764105,-0.0019164116005973217
23,-0.02703392282172479,-0.002901537942750292,0.03368680499877049,-0.1348659534870165,0.7725713527387968,-0.533488940559427,-0.013788548488969673,-0.01678966912805548,0.101741287827074,-0.07119177866554834,-0.2690704799063433,0.08171828281830844,0.0004228960607776136,0.02686463632828047,0.039093847401167364,0.007221014350214327,0.0002462064812391769,-0.02536285379052584,-0.0012471481343420887,0.013573030814791318,0.013455232188500693,0.003173417320578892,-0.009350406928564484,0.007978978884440015,0.0012839359341575893,0.004057902370088839
24,0.008392589939540784,0.003967043674111584,-0.03018493671734842,0.7285829435123828,-0.02960757808914949,-0.35982957560507006,-0.030207905369116037,0.08126298471864223,-0.5669415902729967,-0.01590810481999737,0.06094057702976348,0.06096432125143787,-0.003920241012763739,-0.0030156153679174735,-0.010775102353315826,-0.005067512697977233,0.0054790705842869755,0.01823715238611264,-0.00993285955705005,0.005503602616133136,0.016028348719257155,0.002098496943964606,0.0005807982060957056,0.0030419304699426325,-0.014563200260256782,0.007241029240619665
25,0.009041962739136735,0.005343842645188257,0.006199869912258987,-0.30809394008028174,0.04226434061534099,-0.003464666448294529,0.004236937468861359,-0.002913398146306125,-0.4303111062528584,0.8403698572107322,-0.10439488380796384,0.006898432578058501,-0.013592192361365158,-0.00566953128406835,-0.010962506529973217,-0.009283813165530707,0.004088829631223062,0.0077428285459749755,-0.005474217417286916,-0.002384334160818119,-0.0012507691716351877,-0.008799276890223608,0.0034347926911723068,-0.010544746393717599,0.005301936934941651,-0.00198948821168068
