,H2A.H4R3me2,H2AZ,H2BK5me1,H3K4me1,H3K4me2,H3K4me3,H3K9me1,H3K9me2,H3K9me3,H3K27me1,H3K27me2,H3K27me3,H3K36me1,H3K36me3,H3K79me1,H3K79me2,H3K79me3,H3R2me1,H3R2me2,H4K20me1,H4K20me3,H3K4ac,H3K9ac,H3K14ac,H3K18ac,H3K23ac,H3K27ac,H3K36ac,H4K5ac,H4K8ac,H4K12ac,H4K16ac,H4K91ac,H2AK5ac,H2AK9ac,H2BK5ac,H2BK12ac,H2BK20ac,H2BK120ac
H2A.H4R3me2,1.0000053621890597,-0.04451991355836568,0.13225433948295526,0.041954718754786284,-0.04233086290118954,-0.1600992340699103,-0.04359384662309121,0.3509851018334922,0.44924335395358395,0.1306431411025235,0.3908291850147684,0.2868167575495554,0.229001882960874,0.1597222497720168,0.2992263708604752,0.21556596879505044,0.25062848606809573,0.2826613100319128,0.38706800226193794,0.07092326378119362,0.34156854001377884,-0.08828697996242038,-0.0914888329005112,0.09921643281659372,-0.0996968916873489,0.005933790737141049,-0.1018496623652259,-0.06963634841451466,-0.05382995510659008,-0.05962683848702507,-0.07873910604568335,0.05185098771747907,-0.10038380155224008,0.031771965857983774,-0.018775468031578382,-0.08257164916419078,-0.06129362306746544,-0.08370175387758856,-0.09065605260659143
H2AZ,-0.04451991355836568,1.000005362189059,-0.2644391546110451,-0.17128208416935045,0.31090110453083736,0.5405767552494581,0.1747111817142191,0.02854374361747077,0.04047637838935485,-0.05353466250470846,0.01844366746964252,0.07469669060634075,0.05207799726984089,-0.13846971987397733,0.03936541934541167,0.02872398477061062,0.054140266171638474,-0.07782382891919301,-0.011875814273620292,-0.3032168896572158,-0.013990089661863353,0.32477113462937995,0.4942855619277712,0.07258059887300418,0.4980572366863355,0.12807740773891216,0.5301168785956304,0.39828815227656783,0.46769567472154555,0.5745638670921375,0.349506479488411,0.2702507971881696,0.28814314731471974,-0.12167777027928856,0.17296816882633342,0.4279312978423069,0.2957564125161025,0.3302886007311551,0.40924079730488194
H2BK5me1,0.13225433948295526,-0.2644391546110451,1.0000053621890603,0.334429634067748,-0.043027629299684185,-0.3640284489831064,0.17020756874640505,-0.014520980273554265,-0.05725238621371148,0.23554090166146954,0.022542582183885128,-0.04066366829620857,0.17246083466665327,0.06044085778041765,0.1550681919272625,0.0029738951540198206,-0.04439202178261713,0.31275449649799497,0.16713260596553275,0.7039550611746784,-0.055975582159956114,-0.19636325444703392,-0.23926813194821003,-0.03217104276016175,-0.25009267417883824,-0.1087707692840186,-0.266624383320076,-0.23109383233708758,-0.23586272965323438,-0.2267622995986081,-0.22707726934091682,-0.025100191817110297,-0.2003808113965706,-0.008723961558389236,-0.12721118292738398,-0.21595296072534725,-0.21740836321756923,-0.2258880451112234,-0.23301686953920514
H3K4me1,0.041954718754786284,-0.17128208416935045,0.334429634067748,1.0000053621890588,0.2268720198014601,-0.35996242107144255,0.3990321592057107,0.046068000132019817,-0.08490941087650018,0.37847891550053353,0.08076784039373376,0.00567663200700234,0.24046614910306746,-0.048314962647737845,0.06361418582449929,0.026451852417893454,-0.0857326965780544,0.19301684089472876,0.057506389069103415,0.17382552092503037,-0.10602608457123598,-0.03931138802092558,-0.2344234944175975,0.17729531660696207,-0.046319357513115,0.1599558996611055,-0.10528056868665595,-0.1177020369015764,6.371122554502825e-05,-0.03436037104531419,-0.0014914661240058337,-0.017982250173470448,-0.06063053727783905,0.25724186597977733,-0.09647469601618013,-0.10718391760059426,-0.03687492581185488,-0.006016447258842197,-0.07388045932557921
H3K4me2,-0.04233086290118954,0.31090110453083736,-0.043027629299684185,0.2268720198014601,1.000005362189061,0.304296333290268,0.6201281205831212,0.006056127494784415,-0.08239801991706489,0.17953085175596858,0.030578091342004447,0.042190210323098956,0.19014831629137172,-0.11773340425537382,0.02393814420620949,0.0337716312275009,-0.07353400677605253,-0.013946602565311442,-0.038786235793397156,-0.09298063630005685,-0.12887485632665543,0.08348234513346711,0.14378819270847315,0.16028867460504534,0.17857616781400387,0.3429705019988981,0.23960819329128655,0.11749532007978788,0.2582867803218795,0.242408961430695,0.11451398136996428,0.04945101012358021,0.04123563033604045,0.02922459689614351,0.044778774846377364,0.14505731238858524,0.11494217828879266,0.10365614374146102,0.14290178114747687
H3K4me3,-0.1600992340699103,0.5405767552494581,-0.3640284489831064,-0.35996242107144255,0.304296333290268,1.0000053621890608,0.13640638173288674,-0.0955904651724331,-0.036581306346845435,-0.2680422185536274,-0.13385949355689888,0.005044102438108129,-0.048708413533215485,-0.19028125449840794,-0.009459349463200907,-0.032173759688871484,0.06113598229802168,-0.171258812394465,-0.09583950981551319,-0.2822934646565272,-0.0737832748899506,0.38352050219146155,0.6099362904099693,-0.025744871854519482,0.47935019695145786,0.057133413730419996,0.5380485864839958,0.3950424785436102,0.28640632402123917,0.3271132719368909,0.3175105780496293,0.2508419977196724,0.4187187593801705,-0.19293476296543624,0.3240415671942686,0.4366326742934947,0.26519523479383583,0.31875306457608177,0.43072463667277006
H3K9me1,-0.04359384662309121,0.1747111817142191,0.17020756874640505,0.3990321592057107,0.6201281205831212,0.13640638173288674,1.0000053621890608,0.013202018948914481,-0.10111297950193723,0.3402949367809131,0.03713370293645222,0.03662059627577662,0.22980742044741795,-0.0915067098122648,0.07780164135392889,0.02839058380846006,-0.08742395261852197,0.07143566061173905,-0.007074628822075419,0.07288561732116888,-0.15375884014669566,0.005621413398993485,0.016805682681609372,0.13017863582186406,0.07591392919151695,0.2440931720713217,0.08408580365111568,-0.0010242850371135898,0.09492017353022143,0.11495582760132134,0.022034835513358147,0.0009637053172478558,-0.035146190649299774,0.0025885550294323643,-0.009465658329498739,0.022321903544186828,-0.020160096867607884,0.008175155597907232,0.013941160730114676
H3K9me2,0.3509851018334922,0.02854374361747077,-0.014520980273554265,0.046068000132019817,0.006056127494784415,-0.0955904651724331,0.013202018948914481,1.0000053621890603,0.28849008755569366,0.14811528248662106,0.34832619003251336,0.25573753887442824,0.1968737554023977,0.10664430206121275,0.22251761971398581,0.18268065459401842,0.18773467154087653,0.19284129816940904,0.224769327209796,-0.09627462301816499,0.1876495250205405,-0.01044788676220288,-0.04375696631805851,0.1350670629738589,-0.004157910647177239,0.054877773873324945,-0.022490758693273685,0.012986907236877206,0.055171623854320014,0.047705089882050765,0.01769362159606296,0.049448174381457335,-0.02976122770523486,0.07233572657897445,0.007775886436404914,-0.020418708477076452,0.024377087862911512,0.0060047711907267685,-0.008930757276691325
H3K9me3,0.44924335395358395,0.04047637838935485,-0.05725238621371148,-0.08490941087650018,-0.08239801991706489,-0.036581306346845435,-0.10111297950193723,0.28849008755569366,1.0000053621890608,0.026488117803677623,0.3166793006148376,0.26177994729359755,0.11951210349881437,0.30622285274975003,0.21405942690861934,0.20109737959675683,0.36306926014278434,0.13641856731150848,0.27663118407720516,-0.06978248277264223,0.5705799104665545,-0.049505402604154744,-0.020355255779434846,0.05472541781629103,-0.05481693306956873,-0.036321143862763756,-0.050961400248198487,-0.026427113448914376,-0.048230097207258404,-0.040644001492564724,-0.04949911739745481,0.0253311805549008,-0.0602319841497441,-0.047562276548311265,0.02489616148780793,-0.03695621559868201,-0.03562867608532981,-0.052099672085777884,-0.048978914738249536
H3K27me1,0.1306431411025235,-0.05353466250470846,0.23554090166146954,0.37847891550053353,0.17953085175596858,-0.2680422185536274,0.3402949367809131,0.14811528248662106,0.026488117803677623,1.0000053621890594,0.23537122538954114,0.07508320406409914,0.2397182739645344,0.09914995645973061,0.12539766436733782,0.105171411485636,-0.03955517564719683,0.1771683020460726,0.08338415721303341,0.04157342938088805,-0.04593880514525974,-0.09731061430086077,-0.15735101485742775,0.18487471023411747,-0.09469891833277513,0.19652551694727272,-0.1259307895441211,-0.10886656124394814,0.016208750582833747,0.0234589113290555,-0.05899238638642717,-0.0012856750281301146,-0.1303377864139031,0.1373804124974449,-0.08410703516896768,-0.13931833202281826,-0.09521392888658912,-0.07988468160034773,-0.11430478115601411
H3K27me2,0.3908291850147684,0.01844366746964252,0.022542582183885128,0.08076784039373376,0.030578091342004447,-0.13385949355689888,0.03713370293645222,0.34832619003251336,0.3166793006148376,0.23537122538954114,1.0000053621890594,0.35639562293943894,0.2607174744549866,0.12844423106034042,0.23071361124246398,0.2097049334926471,0.17869178175721606,0.25499912208608955,0.23599763218473643,-0.073971846251076,0.17280386994466837,-0.06244779938084325,-0.0807510644075607,0.1723776183918742,-0.047319893226361834,0.07035078590919801,-0.08771720367910846,-0.04094207392293789,0.01615722183581783,0.02117863878819682,-0.03394025827578589,0.027183430965529894,-0.08490617586940906,0.08032883655401749,-0.015679323823350393,-0.08408414236162637,-0.03740245650768583,-0.040054879201061204,-0.06613656224874116
H3K27me3,0.2868167575495554,0.07469669060634075,-0.04066366829620857,0.00567663200700234,0.042190210323098956,0.005044102438108129,0.03662059627577662,0.25573753887442824,0.26177994729359755,0.07508320406409914,0.35639562293943894,1.0000053621890586,0.19360086309954752,0.061886989106840644,0.21509337802696749,0.18028931712637353,0.2139923141065325,0.21128852044826818,0.21115571949743203,-0.07589619292189435,0.12889868060828402,-0.05354640043413338,-0.04434392042972834,0.11064632892634942,-0.02823244208131661,0.02873487679467154,-0.06682659336881264,-0.024942570518899258,-0.008387560987297059,0.008395721890661867,-0.03174193181951882,0.01788127152133527,-0.07001476489141967,-0.00011618399651243417,-0.003019535164929845,-0.06397420408265114,-0.031487901854496694,-0.03622149762123253,-0.04808846763469181
H3K36me1,0.229001882960874,0.05207799726984089,0.17246083466665327,0.24046614910306746,0.19014831629137172,-0.048708413533215485,0.22980742044741795,0.1968737554023977,0.11951210349881437,0.2397182739645344,0.2607174744549866,0.19360086309954752,1.0000053621890599,0.040016866115432294,0.21378007465412552,0.15740864220111742,0.07910603090718527,0.240337830586391,0.17949555569022382,0.07868804693039391,0.03108894640106988,-0.0029298172756625166,-0.005881198447961782,0.1500406302801051,0.018405952895465885,0.1292881526854069,0.011753479113065284,0.006604257958831584,0.054533708282361704,0.05684740982829394,0.011556465374601307,0.05632894730659228,-0.029978919971300252,0.06660361361477045,0.028642540669878657,-0.0013961153683008432,0.0016523804245207692,0.0006544115473730573,-0.0017253544756854595
H3K36me3,0.1597222497720168,-0.13846971987397733,0.06044085778041765,-0.048314962647737845,-0.11773340425537382,-0.19028125449840794,-0.0915067098122648,0.10664430206121275,0.30622285274975003,0.09914995645973061,0.12844423106034042,0.061886989106840644,0.040016866115432294,1.0000053621890606,0.05105101409459994,0.06140727873274683,0.5298089513791662,0.13732102953292932,0.10403057126973195,0.04568331477124301,0.42947970469159297,-0.14979797787398164,-0.13687148719603887,-0.02102149567641229,-0.18156473458519407,-0.03168850411611526,-0.15956373199944662,-0.1375448408672721,-0.12301989832529012,-0.12485590930239472,-0.1512615964984509,-0.08264069225478232,-0.16637567218745924,-0.020669450579920465,-0.08399356452959161,-0.12604395285290124,-0.1368023368223776,-0.1538854749775787,-0.16048024493916208
H3K79me1,0.2992263708604752,0.03936541934541167,0.1550681919272625,0.06361418582449929,0.02393814420620949,-0.009459349463200907,0.07780164135392889,0.22251761971398581,0.21405942690861934,0.12539766436733782,0.23071361124246398,0.21509337802696749,0.21378007465412552,0.05105101409459994,1.0000053621890597,0.17018691536512381,0.17130679260984802,0.2535496342771438,0.27101300393653355,0.13459428124188405,0.11251852810931176,0.019085704289825395,0.01838452473793606,0.0881208049553509,0.02100383411120892,-0.0011922269688660557,0.012447882584782383,0.015713209043020343,0.0036251831192232104,0.017617490699022593,0.0265654753533268,0.12171764631791566,0.014080587970265844,0.012853546691032327,0.05662232702602485,0.015800983561028242,0.0005483865872066507,0.013675680920106344,0.0095911541455599
H3K79me2,0.21556596879505044,0.02872398477061062,0.0029738951540198206,0.026451852417893454,0.0337716312275009,-0.032173759688871484,0.02839058380846006,0.18268065459401842,0.20109737959675683,0.105171411485636,0.2097049334926471,0.18028931712637353,0.15740864220111742,0.06140727873274683,0.17018691536512381,1.0000053621890597,0.08533396901505665,0.13441753793084668,0.1705406624321503,-0.02990001286298354,0.0885074654757848,-0.012144229859492015,-0.008423162535797382,0.10866194619019082,-0.008158412983259184,0.0613719793016425,-0.006804383767333221,0.011692810579847676,0.021062483558996387,0.017636734281263774,0.006070550815428701,0.044340701898120165,-0.02887354628844154,0.0332365658881634,0.0377652291261617,-0.010270152187301733,0.009419113126859354,-0.00577812109116461,-0.009033093797562636
H3K79me3,0.25062848606809573,0.054140266171638474,-0.04439202178261713,-0.0857326965780544,-0.07353400677605253,0.06113598229802168,-0.08742395261852197,0.18773467154087653,0.36306926014278434,-0.03955517564719683,0.17869178175721606,0.2139923141065325,0.07910603090718527,0.5298089513791662,0.17130679260984802,0.08533396901505665,1.0000053621890612,0.19429878107616771,0.19196674883460685,-0.06942720929865097,0.5948384545278808,0.009540155497827845,0.027345997035922606,-0.0046938359990512995,0.023874142789919343,-0.08522789354950414,0.0008044204004444075,0.01027857322517561,-0.01613963637850593,0.0003747336036521537,-0.0019375495806233823,0.046803130182484436,0.013931599129981327,-0.04482072452378505,0.034262178826737454,0.009517091368493682,-0.013939314212419607,0.0033725436756209463,0.010110608821041877
H3R2me1,0.2826613100319128,-0.07782382891919301,0.31275449649799497,0.19301684089472876,-0.013946602565311442,-0.171258812394465,0.07143566061173905,0.19284129816940904,0.13641856731150848,0.1771683020460726,0.25499912208608955,0.21128852044826818,0.240337830586391,0.13732102953292932,0.2535496342771438,0.13441753793084668,0.19429878107616771,1.0000053621890599,0.3058238300092642,0.19217379290509803,0.12470299193409333,-0.0643690691346236,-0.1261907897155964,0.07660199859006728,-0.07384673800055917,-0.040840302980267855,-0.11491475341414964,-0.09011207074358833,-0.08521024631089405,-0.06686812272523665,-0.05827223755825862,0.046447104703626674,-0.08257564973773314,0.0879819976123601,-0.02578608417272968,-0.10348462893119485,-0.0702625585901205,-0.06434461825273774,-0.09505867460665152
H3R2me2,0.38706800226193794,-0.011875814273620292,0.16713260596553275,0.057506389069103415,-0.038786235793397156,-0.09583950981551319,-0.007074628822075419,0.224769327209796,0.27663118407720516,0.08338415721303341,0.23599763218473643,0.21115571949743203,0.17949555569022382,0.10403057126973195,0.27101300393653355,0.1705406624321503,0.19196674883460685,0.3058238300092642,1.0000053621890606,0.11860164914398619,0.2150874415147628,-0.03942111357443064,-0.05730223488103647,0.06966363054975518,-0.04118830367796237,-0.03363086457526302,-0.05430028613274123,-0.03998446417130583,-0.04471783675350285,-0.030124592937417087,-0.030535900564045006,0.07204406511605473,-0.0504252142716087,0.021521583107580393,0.009154253082117597,-0.043400992556893614,-0.03189512303353012,-0.039024347178603154,-0.04876817684216669
H4K20me1,0.07092326378119362,-0.3032168896572158,0.7039550611746784,0.17382552092503037,-0.09298063630005685,-0.2822934646565272,0.07288561732116888,-0.09627462301816499,-0.06978248277264223,0.04157342938088805,-0.073971846251076,-0.07589619292189435,0.07868804693039391,0.04568331477124301,0.13459428124188405,-0.02990001286298354,-0.06942720929865097,0.19217379290509803,0.11860164914398619,1.0000053621890608,-0.08505796725588081,-0.22086601141079856,-0.21731094884519467,-0.10378480637625698,-0.2890407147755237,-0.14873868482815622,-0.27613238156187425,-0.24922071254222136,-0.2925279704535267,-0.2883364028512013,-0.263902865748224,-0.07146354258942673,-0.21890955266129206,-0.09831897678313264,-0.1155588197019381,-0.21448857697997756,-0.24285833331289552,-0.26020824910546997,-0.2545406366258656
H4K20me3,0.34156854001377884,-0.013990089661863353,-0.055975582159956114,-0.10602608457123598,-0.12887485632665543,-0.0737832748899506,-0.15375884014669566,0.1876495250205405,0.5705799104665545,-0.04593880514525974,0.17280386994466837,0.12889868060828402,0.03108894640106988,0.42947970469159297,0.11251852810931176,0.0885074654757848,0.5948384545278808,0.12470299193409333,0.2150874415147628,-0.08505796725588081,1.0000053621890614,-0.06988398859463185,-0.055710454544895156,-0.025871034401627465,-0.07519460387874541,-0.09468055257509239,-0.0793289584857188,-0.05587254352057285,-0.07803512805348387,-0.06770792247711609,-0.07752195232401198,-0.022868747358668867,-0.0742303091330554,-0.06388173356711628,-0.02036033460108987,-0.05952579778282009,-0.05756801067924336,-0.07123617357517105,-0.06953713573280385
H3K4ac,-0.08828697996242038,0.32477113462937995,-0.19636325444703392,-0.03931138802092558,0.08348234513346711,0.38352050219146155,0.005621413398993485,-0.01044788676220288,-0.049505402604154744,-0.09731061430086077,-0.06244779938084325,-0.05354640043413338,-0.0029298172756625166,-0.14979797787398164,0.019085704289825395,-0.012144229859492015,0.009540155497827845,-0.0643690691346236,-0.03942111357443064,-0.22086601141079856,-0.06988398859463185,1.0000053621890599,0.726695946960282,0.12866382309386792,0.8199604961630428,0.10902345125525358,0.7536560978814693,0.7678432744211122,0.6703860512145808,0.5872609848333967,0.8197966955518631,0.629882638444519,0.7995371881288185,0.2946605450199274,0.5386905074963217,0.7858056729531289,0.7485125655759711,0.8213276986344406,0.8437618823562196
H3K9ac,-0.0914888329005112,0.4942855619277712,-0.23926813194821003,-0.2344234944175975,0.14378819270847315,0.6099362904099693,0.016805682681609372,-0.04375696631805851,-0.020355255779434846,-0.15735101485742775,-0.0807510644075607,-0.04434392042972834,-0.005881198447961782,-0.13687148719603887,0.01838452473793606,-0.008423162535797382,0.027345997035922606,-0.1261907897155964,-0.05730223488103647,-0.21731094884519467,-0.055710454544895156,0.726695946960282,1.0000053621890574,0.0827742549069292,0.7620709413369461,0.14132134863466952,0.8201125459425411,0.7192940589357412,0.6156198378079146,0.5871552191164203,0.6410335474853868,0.566349845416145,0.6810943554346105,0.008270064207691635,0.511030198281119,0.8171052362511284,0.5860030539832436,0.63082013691451,0.7735428048234264
H3K14ac,0.09921643281659372,0.07258059887300418,-0.03217104276016175,0.17729531660696207,0.16028867460504534,-0.025744871854519482,0.13017863582186406,0.1350670629738589,0.05472541781629103,0.18487471023411747,0.1723776183918742,0.11064632892634942,0.1500406302801051,-0.02102149567641229,0.0881208049553509,0.10866194619019082,-0.0046938359990512995,0.07660199859006728,0.06966363054975518,-0.10378480637625698,-0.025871034401627465,0.12866382309386792,0.0827742549069292,1.000005362189062,0.13067436998281945,0.23925350141702617,0.1379355686277318,0.11905939971316547,0.21947643629184363,0.18630814917890332,0.15142039535039956,0.16019487998695134,0.0733339144174656,0.17782502867203337,0.0806803238709373,0.11574230023884467,0.14327929992391553,0.12725485155273494,0.12446236544724917
H3K18ac,-0.0996968916873489,0.4980572366863355,-0.25009267417883824,-0.046319357513115,0.17857616781400387,0.47935019695145786,0.07591392919151695,-0.004157910647177239,-0.05481693306956873,-0.09469891833277513,-0.047319893226361834,-0.02823244208131661,0.018405952895465885,-0.18156473458519407,0.02100383411120892,-0.008158412983259184,0.023874142789919343,-0.07384673800055917,-0.04118830367796237,-0.2890407147755237,-0.07519460387874541,0.8199604961630428,0.7620709413369461,0.13067436998281945,1.0000053621890592,0.14019590244904753,0.8347857497408766,0.7637803272591303,0.7176400214080324,0.6766321449574764,0.8027969313691027,0.5800873465948191,0.7782574681660895,0.20659918755251072,0.4648414921204716,0.7949895716323955,0.7126742364266732,0.7990639872758775,0.8536554890623884
H3K23ac,0.005933790737141049,0.12807740773891216,-0.1087707692840186,0.1599558996611055,0.3429705019988981,0.057133413730419996,0.2440931720713217,0.054877773873324945,-0.036321143862763756,0.19652551694727272,0.07035078590919801,0.02873487679467154,0.1292881526854069,-0.03168850411611526,-0.0011922269688660557,0.0613719793016425,-0.08522789354950414,-0.040840302980267855,-0.03363086457526302,-0.14873868482815622,-0.09468055257509239,0.10902345125525358,0.14132134863466952,0.23925350141702617,0.14019590244904753,1.0000053621890608,0.21268986307237733,0.14182081441512054,0.2787648736475339,0.2177403996756796,0.13334683321167431,0.08968069102067698,0.041780185859815494,0.1373328201779166,0.05872334331307815,0.15818268144566833,0.15330507121489007,0.10989937536619658,0.14298258498542676
H3K27ac,-0.1018496623652259,0.5301168785956304,-0.266624383320076,-0.10528056868665595,0.23960819329128655,0.5380485864839958,0.08408580365111568,-0.022490758693273685,-0.050961400248198487,-0.1259307895441211,-0.08771720367910846,-0.06682659336881264,0.011753479113065284,-0.15956373199944662,0.012447882584782383,-0.006804383767333221,0.0008044204004444075,-0.11491475341414964,-0.05430028613274123,-0.27613238156187425,-0.0793289584857188,0.7536560978814693,0.8201125459425411,0.1379355686277318,0.8347857497408766,0.21268986307237733,1.0000053621890588,0.7219455526259331,0.7128212714923029,0.670283131218482,0.724733861979038,0.5427913415569419,0.7018269457087172,0.14041840000507816,0.4563556693763681,0.8490298369149669,0.6616713853808053,0.7084097790892142,0.8135338777545887
H3K36ac,-0.06963634841451466,0.39828815227656783,-0.23109383233708758,-0.1177020369015764,0.11749532007978788,0.3950424785436102,-0.0010242850371135898,0.012986907236877206,-0.026427113448914376,-0.10886656124394814,-0.04094207392293789,-0.024942570518899258,0.006604257958831584,-0.1375448408672721,0.015713209043020343,0.011692810579847676,0.01027857322517561,-0.09011207074358833,-0.03998446417130583,-0.24922071254222136,-0.05587254352057285,0.7678432744211122,0.7192940589357412,0.11905939971316547,0.7637803272591303,0.14182081441512054,0.7219455526259331,1.000005362189059,0.6783881899302892,0.5882028143885503,0.7556829276346123,0.5600395669777222,0.7019542630553153,0.2109851860339333,0.4734026446221671,0.7477606149523578,0.7414386932849687,0.7548371150642972,0.8061756799142007
H4K5ac,-0.05382995510659008,0.46769567472154555,-0.23586272965323438,6.371122554502825e-05,0.2582867803218795,0.28640632402123917,0.09492017353022143,0.055171623854320014,-0.048230097207258404,0.016208750582833747,0.01615722183581783,-0.008387560987297059,0.054533708282361704,-0.12301989832529012,0.0036251831192232104,0.021062483558996387,-0.01613963637850593,-0.08521024631089405,-0.04471783675350285,-0.2925279704535267,-0.07803512805348387,0.6703860512145808,0.6156198378079146,0.21947643629184363,0.7176400214080324,0.2787648736475339,0.7128212714923029,0.6783881899302892,1.000005362189061,0.7760629666254084,0.6982041059201672,0.5512715072867178,0.5911750612863123,0.23880704477568906,0.3827386116495771,0.693407502810565,0.6731661542464686,0.676086232908944,0.7322372621495773
H4K8ac,-0.05962683848702507,0.5745638670921375,-0.2267622995986081,-0.03436037104531419,0.242408961430695,0.3271132719368909,0.11495582760132134,0.047705089882050765,-0.040644001492564724,0.0234589113290555,0.02117863878819682,0.008395721890661867,0.05684740982829394,-0.12485590930239472,0.017617490699022593,0.017636734281263774,0.0003747336036521537,-0.06686812272523665,-0.030124592937417087,-0.2883364028512013,-0.06770792247711609,0.5872609848333967,0.5871552191164203,0.18630814917890332,0.6766321449574764,0.2177403996756796,0.670283131218482,0.5882028143885503,0.7760629666254084,1.0000053621890597,0.6113887678876307,0.523398796476895,0.5058619594775877,0.08788111414043522,0.3457608970795825,0.6243723787314208,0.5446156200687441,0.5770111773483314,0.6384429806336794
H4K12ac,-0.07873910604568335,0.349506479488411,-0.22707726934091682,-0.0014914661240058337,0.11451398136996428,0.3175105780496293,0.022034835513358147,0.01769362159606296,-0.04949911739745481,-0.05899238638642717,-0.03394025827578589,-0.03174193181951882,0.011556465374601307,-0.1512615964984509,0.0265654753533268,0.006070550815428701,-0.0019375495806233823,-0.05827223755825862,-0.030535900564045006,-0.263902865748224,-0.07752195232401198,0.8197966955518631,0.6410335474853868,0.15142039535039956,0.8027969313691027,0.13334683321167431,0.724733861979038,0.7556829276346123,0.6982041059201672,0.6113887678876307,1.0000053621890614,0.5734602855576185,0.7796407419203305,0.3575810160905967,0.45461133527905845,0.7418924049825542,0.7849389457385624,0.9785370997228229,0.841259228072725
H4K16ac,0.05185098771747907,0.2702507971881696,-0.025100191817110297,-0.017982250173470448,0.04945101012358021,0.2508419977196724,0.0009637053172478558,0.049448174381457335,0.0253311805549008,-0.0012856750281301146,0.027183430965529894,0.01788127152133527,0.05632894730659228,-0.08264069225478232,0.12171764631791566,0.044340701898120165,0.046803130182484436,0.046447104703626674,0.07204406511605473,-0.07146354258942673,-0.022868747358668867,0.629882638444519,0.566349845416145,0.16019487998695134,0.5800873465948191,0.08968069102067698,0.5427913415569419,0.5600395669777222,0.5512715072867178,0.523398796476895,0.5734602855576185,1.0000053621890588,0.5769767560165353,0.15592874275530916,0.4375370814596011,0.5909063936953831,0.5241071561377149,0.5580322232466154,0.6109405386338307
H4K91ac,-0.10038380155224008,0.28814314731471974,-0.2003808113965706,-0.06063053727783905,0.04123563033604045,0.4187187593801705,-0.035146190649299774,-0.02976122770523486,-0.0602319841497441,-0.1303377864139031,-0.08490617586940906,-0.07001476489141967,-0.029978919971300252,-0.16637567218745924,0.014080587970265844,-0.02887354628844154,0.013931599129981327,-0.08257564973773314,-0.0504252142716087,-0.21890955266129206,-0.0742303091330554,0.7995371881288185,0.6810943554346105,0.0733339144174656,0.7782574681660895,0.041780185859815494,0.7018269457087172,0.7019542630553153,0.5911750612863123,0.5058619594775877,0.7796407419203305,0.5769767560165353,1.0000053621890592,0.26700649253014636,0.4926272189233094,0.6969794727725577,0.6685896099524754,0.7841790289457857,0.8172775348161462
H2AK5ac,0.031771965857983774,-0.12167777027928856,-0.008723961558389236,0.25724186597977733,0.02922459689614351,-0.19293476296543624,0.0025885550294323643,0.07233572657897445,-0.047562276548311265,0.1373804124974449,0.08032883655401749,-0.00011618399651243417,0.06660361361477045,-0.020669450579920465,0.012853546691032327,0.0332365658881634,-0.04482072452378505,0.0879819976123601,0.021521583107580393,-0.09831897678313264,-0.06388173356711628,0.2946605450199274,0.008270064207691635,0.17782502867203337,0.20659918755251072,0.1373328201779166,0.14041840000507816,0.2109851860339333,0.23880704477568906,0.08788111414043522,0.3575810160905967,0.15592874275530916,0.26700649253014636,1.0000053621890599,0.11361422363361043,0.1646801703976657,0.37756155432395694,0.37012961131568894,0.25876285259774423
H2AK9ac,-0.018775468031578382,0.17296816882633342,-0.12721118292738398,-0.09647469601618013,0.044778774846377364,0.3240415671942686,-0.009465658329498739,0.007775886436404914,0.02489616148780793,-0.08410703516896768,-0.015679323823350393,-0.003019535164929845,0.028642540669878657,-0.08399356452959161,0.05662232702602485,0.0377652291261617,0.034262178826737454,-0.02578608417272968,0.009154253082117597,-0.1155588197019381,-0.02036033460108987,0.5386905074963217,0.511030198281119,0.0806803238709373,0.4648414921204716,0.05872334331307815,0.4563556693763681,0.4734026446221671,0.3827386116495771,0.3457608970795825,0.45461133527905845,0.4375370814596011,0.4926272189233094,0.11361422363361043,1.0000053621890597,0.4860193337181736,0.41176715160231275,0.44803042064434656,0.4911506348060792
H2BK5ac,-0.08257164916419078,0.4279312978423069,-0.21595296072534725,-0.10718391760059426,0.14505731238858524,0.4366326742934947,0.022321903544186828,-0.020418708477076452,-0.03695621559868201,-0.13931833202281826,-0.08408414236162637,-0.06397420408265114,-0.0013961153683008432,-0.12604395285290124,0.015800983561028242,-0.010270152187301733,0.009517091368493682,-0.10348462893119485,-0.043400992556893614,-0.21448857697997756,-0.05952579778282009,0.7858056729531289,0.8171052362511284,0.11574230023884467,0.7949895716323955,0.15818268144566833,0.8490298369149669,0.7477606149523578,0.693407502810565,0.6243723787314208,0.7418924049825542,0.5909063936953831,0.6969794727725577,0.1646801703976657,0.4860193337181736,1.0000053621890592,0.6940294716212206,0.7357409018010083,0.8212805972470891
H2BK12ac,-0.06129362306746544,0.2957564125161025,-0.21740836321756923,-0.03687492581185488,0.11494217828879266,0.26519523479383583,-0.020160096867607884,0.024377087862911512,-0.03562867608532981,-0.09521392888658912,-0.03740245650768583,-0.031487901854496694,0.0016523804245207692,-0.1368023368223776,0.0005483865872066507,0.009419113126859354,-0.013939314212419607,-0.0702625585901205,-0.03189512303353012,-0.24285833331289552,-0.05756801067924336,0.7485125655759711,0.5860030539832436,0.14327929992391553,0.7126742364266732,0.15330507121489007,0.6616713853808053,0.7414386932849687,0.6731661542464686,0.5446156200687441,0.7849389457385624,0.5241071561377149,0.6685896099524754,0.37756155432395694,0.41176715160231275,0.6940294716212206,1.0000053621890594,0.7934114355674604,0.7829526341353447
H2BK20ac,-0.08370175387758856,0.3302886007311551,-0.2258880451112234,-0.006016447258842197,0.10365614374146102,0.31875306457608177,0.008175155597907232,0.0060047711907267685,-0.052099672085777884,-0.07988468160034773,-0.040054879201061204,-0.03622149762123253,0.0006544115473730573,-0.1538854749775787,0.013675680920106344,-0.00577812109116461,0.0033725436756209463,-0.06434461825273774,-0.039024347178603154,-0.26020824910546997,-0.07123617357517105,0.8213276986344406,0.63082013691451,0.12725485155273494,0.7990639872758775,0.10989937536619658,0.7084097790892142,0.7548371150642972,0.676086232908944,0.5770111773483314,0.9785370997228229,0.5580322232466154,0.7841790289457857,0.37012961131568894,0.44803042064434656,0.7357409018010083,0.7934114355674604,1.0000053621890606,0.8402352087973842
H2BK120ac,-0.09065605260659143,0.40924079730488194,-0.23301686953920514,-0.07388045932557921,0.14290178114747687,0.43072463667277006,0.013941160730114676,-0.008930757276691325,-0.048978914738249536,-0.11430478115601411,-0.06613656224874116,-0.04808846763469181,-0.0017253544756854595,-0.16048024493916208,0.0095911541455599,-0.009033093797562636,0.010110608821041877,-0.09505867460665152,-0.04876817684216669,-0.2545406366258656,-0.06953713573280385,0.8437618823562196,0.7735428048234264,0.12446236544724917,0.8536554890623884,0.14298258498542676,0.8135338777545887,0.8061756799142007,0.7322372621495773,0.6384429806336794,0.841259228072725,0.6109405386338307,0.8172775348161462,0.25876285259774423,0.4911506348060792,0.8212805972470891,0.7829526341353447,0.8402352087973842,1.000005362189059
