,H2A.H4R3me2,H2AZ,H2BK5me1,H3K4me1,H3K4me2,H3K4me3,H3K9me1,H3K9me2,H3K9me3,H3K27me1,H3K27me2,H3K27me3,H3K36me1,H3K36me3,H3K79me1,H3K79me2,H3K79me3,H3R2me1,H3R2me2,H4K20me1,H4K20me3,H3K4ac,H3K9ac,H3K14ac,H3K18ac,H3K23ac,H3K27ac,H3K36ac,H4K5ac,H4K8ac,H4K12ac,H4K16ac,H4K91ac,H2AK5ac,H2AK9ac,H2BK5ac,H2BK12ac,H2BK20ac,H2BK120ac
0,5.5587697687310006e-05,1.9248684784065745e-05,0.00014651605290352853,8.217562888209427e-05,0.0012774372235090162,0.0006097001623883848,0.0002436691803888958,0.0008319990553932254,0.00011292998552959766,0.0002355273927347454,0.00020381413142812383,0.0001261924684872264,-2.3275432355561316e-05,0.0013587881409987993,6.611830467319929e-06,0.0016346901909922512,0.00028151380257398676,3.451095056097001e-05,0.0014503166479946609,0.0004772506291261106,0.002801970759937928,0.00200779032413979,0.0011118992768651551,-0.9996308368772929,0.0026471195768316465,0.0010395891700478578,0.0027669954294591032,0.004870149873704951,0.0059631922317484355,0.0015438158264214077,0.024268968216850657,0.004309801059192294,0.0002545477825189979,0.0007876101646612534,0.00042099699163016284,0.0003194496842211427,0.00023101086109059466,0.00043149062617900413,0.005390853210366155
1,-0.0019171766477915492,-0.0014266690719219495,0.00012119828161565212,-0.0005478089387640668,0.00025669743512325184,-0.0019683044930728522,-0.002932185635682353,-0.0017781921456472467,-0.001697204239122198,-0.0017580099599787172,-0.0023795268400867726,5.048317634315902e-05,-0.0025187056723844975,-0.002300731965024288,-0.0016360399645740527,-0.001964232344463067,0.0008434804763580214,-0.0018164630688161669,-0.13975953495013066,-0.0019508684408679816,-0.007787383340764268,-0.001062230887837099,-0.028314320921316524,0.02340316769343772,-0.004331711634654944,-0.015819438408469066,-0.0027223220157166243,-0.011241361097973308,-0.011996874206738653,-0.000950032841363116,0.9888150797579185,-0.010414767108683295,-0.006850789399035394,-0.000243732615110815,-0.00456188321469959,-0.004601671865739472,-0.0011049527451969443,-0.003799003131521095,-0.021926118863395523
2,0.0035022104354905173,0.0023690498434860707,-0.00048067347718459483,0.00036213597867799235,-0.008321323480466894,0.005497536074927815,0.0047964117040785684,0.002361817177673316,0.004053764211050868,0.004644441691259087,0.00452319948369053,-0.00040963528883937396,0.004557439253029032,0.01116433610730751,0.003741765785445296,0.003252852294926645,-0.0018869503105754107,0.0035971536533158537,-0.9806063080748145,0.005653207135701507,0.019196641629097868,0.006836907793900019,0.09831035185544948,-0.003452040098154457,0.007572557340405034,0.027782183186073034,0.003918908753613687,0.032828615904006125,0.03677865214638926,0.0005339281839725018,-0.13192060813280126,0.022135407493898394,0.014625455926590458,-4.4001794109915006e-05,0.010171325990462922,0.006700434261352566,0.0020509788870487224,-0.001517535724035679,0.07974197895343747
3,0.00038792696375941063,0.0004212094067718446,7.853027043207717e-05,-0.0013128180720809787,-0.022379694692869437,0.0010734808562170082,-0.0006946665249047001,-0.0013420502662790513,-0.0005705347135528405,0.00010649205656027221,-2.949075932300089e-05,0.0005067492767220187,-0.0004996619675680738,0.0003996269521009256,0.000695843871807917,-0.0006765251376293495,0.0018929636851729489,-0.00010901751387986481,0.014501202033548054,-0.002135652314702066,-0.007996634166341998,-0.004205051608999113,-0.022888493974739316,0.002672246035714655,-0.005786051473812038,0.0009167772076173671,-0.00392246680621077,0.94803796822367,-0.31488868194843245,0.0023964746263442083,0.007570469769848986,-0.009623510454581721,-0.0010565907682144663,0.00035898338779734946,-0.0012753401550199433,0.00020030550612332745,-0.0006621375288407182,-0.004409241370795455,-0.02239601719629202
4,0.006678420609880831,0.0038664786935811227,0.011806999058397062,0.01084995076875643,-0.6067214457385199,-0.010518460908480251,0.009966984633589934,0.01639528572854215,0.0032405844433248585,0.005129427795082599,0.0033446125082388636,0.012615211349020999,0.004172318846370897,-0.005812034336031638,0.006197238854011197,-0.013846081581461254,0.019756805350463053,0.016750063018536866,0.023904404148640257,-0.0026889227376987106,-0.008976161356197207,-0.010494775474404184,-0.017428074541016005,0.003934092934899074,-0.007843047641768675,-0.005094314326959533,-0.014182267481584883,0.22758958171317378,0.7433999571459179,-0.010678005894589792,0.010636143516798556,-0.03808048129697989,-0.0011717257216282912,0.00266910379600408,-0.0016894935576927405,-0.001994682087599021,0.0011314869815965123,0.0014112878217597824,-0.14973547713869523
5,0.008490601292976064,0.0036271702998215243,0.013729154891439572,0.025035081301298938,-0.7904949362885951,0.0032221077026301052,0.016005310027957926,0.025687245518033495,0.0036278762491516606,0.005913541563360233,0.003673582960310392,0.014966494822404376,0.007750735903296882,0.0026780529187047856,0.004531774999178679,0.011799936824196972,0.031672358861203065,0.02167801401007444,-0.004368615435792096,6.88393349901748e-05,0.008363732226664826,0.009399222181187297,0.013981174810441078,-0.004192776880578679,0.008825511036744612,0.008200228071381117,0.012618025138481644,-0.19786705606227903,-0.5534721832382707,0.01260078530230742,-0.004556018159581992,0.033882888394479976,0.0006508271927913068,0.012204094475172931,4.8299041187769795e-05,0.0035942727304805544,-0.0004996129306183827,0.0027232688428206753,0.1537205395005336
6,-0.0022930894238715666,-0.0010797107057474392,0.00047961101376788745,-0.004813307420425591,0.03037424246701457,-0.01217161455733355,-0.0034632916068661436,-0.0020121512028634875,-0.0015955618008666984,-0.001156858850737791,0.0008999305473323543,-0.00051395673052897,-0.0042393157430246475,-0.007323697327476057,-0.0012860047514302625,-0.012234050895283361,-0.007283340590555232,-0.002932833097135069,0.07395508886343288,-0.0024991442398555994,-0.07240376751427234,-0.024758380986218128,-0.04987929539917848,0.006732969518655354,-0.022297990851266856,-0.025731878235963773,-0.024064001021285912,0.0805250170241996,0.18458946498741416,-0.009853167515561277,0.031228483768170306,-0.0796516643452606,-0.0046309053280739485,-0.01042603107760774,-0.0034032161818888405,-0.004321185274951003,-0.007314472661556137,-0.004031576994236293,0.9668437761515297
7,1.852630707118927e-05,-0.00023648969988049676,-7.631988619972475e-05,0.0006095036013609063,-0.004948771846589636,0.016442453122764652,0.0012726719361845845,0.002823657871715526,0.00030819568948834374,0.0010151056668690017,0.0013588039379271036,-0.0003286570479033422,-0.00043671165226765,0.001875814195205755,-0.0014121544796424485,0.07741789367509044,0.002660392519506527,-0.0008240194550895002,-0.016337160955258456,0.003956583925059141,0.141904369578562,0.010268434854195506,0.06979849922399022,-0.004349311120435174,0.03364455247628181,0.011484333061030211,0.03227046922435888,-0.024180902240689316,-0.0499130318437496,0.007871722950029001,-0.010724460095493065,-0.9799046361348466,0.0011792232522089285,0.0054018277970277195,0.0010771349896383279,0.0009587041570796256,-0.0007685723016144882,0.0009589770750402099,-0.04963843013133596
8,-0.0007422864933617039,-0.003865076012308226,-0.00017350022790419903,-0.0003558448505219143,0.0019626103670403756,0.030906407883622936,-0.0013280983321154827,0.0018603604740743457,0.003155437812577001,0.00411230923886402,0.004707618932549942,-0.00025701647438492825,-0.0009800913620142235,0.09793361641770189,0.0020049730542693604,-0.4661763710958598,-0.005215002557965501,0.0006897373692205561,0.011389051138288742,-0.00316995078494152,0.8648047043552192,-0.03940512246284456,-0.10229485819589147,0.0023231649709092974,-0.05022248882096843,-0.007112666451574073,-0.022794246852130714,0.009622361210297853,0.011936180069075389,0.002430978915407919,0.006579459741649924,0.07499527622699645,-0.0009005890494135623,-0.004236686321583506,-0.0009840254598988722,0.0016370787020297056,-0.007651115393920098,-0.004983952309375733,0.05357965091142787
9,0.0010545334115366796,0.007478087851888672,0.00034995028542928776,0.00012495566849091838,0.002968017378750892,-0.08235155035411872,0.0016428524618953375,-0.008742445218374173,-0.006836018308106286,-0.008408109925247197,-0.008979565808186877,-0.001020442811023368,-0.0013318808729881042,-0.20979262330301948,-0.001808846993251299,0.8451945928073822,-0.001954699421654574,-0.0007584782913378693,0.006589265714232399,-0.002995875544416812,0.45515776854659595,-0.025442724482497635,-0.07465152668617302,0.002965255120008643,-0.047900959450082214,-0.009762533272427931,-0.047218708659748386,0.013143661382655348,0.026751283349208677,-0.010656409875505188,0.005272896325437224,0.11805832344986644,-0.0012387927021310385,-0.00206126369057891,-0.000704814514322927,-0.004345726186332157,-0.0024743842074297874,0.0036005393037851358,0.0376374276177073
10,-0.0033115207599062994,-0.009071908156330135,0.007902609529422686,-0.0025056759715128205,0.0015331069861830322,0.04174952827132962,-0.009954395425260264,-0.010671965605718836,0.001182687225340395,0.0021301521905477882,0.011029538811417121,0.00449935645502445,-0.00023911729535998092,-0.39925263276665923,-0.005491118958807688,-0.08429438877280099,0.0056014741212330734,-0.007749057288213231,0.08127564146615013,-0.001981363095325497,0.08018382931718371,-0.035564551089952566,0.8777572626485709,0.001468186853019843,-0.1827401342608548,-0.08035120957215702,-0.01179138563731401,0.025180443756906614,0.014325824461810653,0.0046700838491726075,0.03567484069710134,0.05466676142814012,-0.0037064347913294505,-0.007903969603766485,0.004434822744822225,-0.003461013067592487,0.0003596002512174365,-0.008933630155306321,0.03222918531771081
11,0.0010530964136580244,0.03472530625228007,0.024332443816083266,-0.007888141104353086,0.0008025139619102376,-0.3528489574993855,0.004471433715300148,-0.0034313233522075054,-0.023643188751102436,-0.02169249696873651,-0.029251497716776122,-0.0020553461516521973,-0.013411578039145037,0.8213590045061608,-0.002044772539992152,0.16155618544537187,-0.003884540315199786,0.007698595271685944,0.04192249235410979,-0.00769443491473516,0.03553829086699354,-0.0071793297216157835,0.3660838774003212,0.001687893386393497,-0.1163143418418966,-0.04324696227090887,-0.12404690101714075,0.010914698175640987,0.009021830793285448,-0.01662559482462213,0.01711853697727296,0.028342708247096168,-0.01666216549134149,-0.00195353314351408,-0.025685390108844602,0.0005376879724800857,0.0009480928535011738,0.009078099239387787,0.013732926097830665
12,0.0005344538812811824,-0.005700952760874858,-0.002858183717812132,0.0008555339213639525,-0.002289843996363042,0.016701412670596126,0.0022059672158709622,0.010484113170192943,0.0063287438712620265,0.0006950218511052695,-0.0008357018660448349,1.9721029264625594e-05,0.0019236287524234754,0.012655490654123351,0.0010877830113700064,-0.0017387870567565505,-0.0010451490546988405,0.001356147522602896,-0.023847028396517516,0.00626598995061499,-0.0596657034055818,0.030964262989309196,-0.1656190976679482,-0.0024094793796423123,-0.9169003261282007,0.02740313544536906,0.3507805137874266,-0.012374133302638127,-0.010269433054342742,-0.002661144084536295,-0.012121099805677325,-0.037047987414814104,0.0002271927715290605,0.003017137079302774,-0.0008925483301579215,-0.002545992270266536,0.0042018311167006436,0.0029730972153877017,-0.021277321756220192
13,0.0026892127117084854,-0.04073112286163015,-0.0686888608714925,0.0196614096880178,-0.005615586445891681,0.7959978762843523,-0.008756725711541237,0.0002153135376157089,0.016593431150361132,0.006855311074346417,-0.029189393679870713,0.0002759298151525252,0.003360582682442754,0.2110744994403295,0.0033637976459104995,0.10311107135823953,0.01729809282430347,-0.0220532191889781,0.0049823098423986785,0.0006704705316050656,-0.016928512643906164,0.017484167959872718,0.02467462735749224,-0.0010318982248215369,-0.18267331698022277,-0.006123375905880617,-0.5166671826659208,-0.003900796827437223,0.00013827007102717081,-0.009501803065953714,0.0008934716419543132,-0.0018580528153498317,0.003475084451715064,-0.012806061434283905,-0.003078165300612484,-0.017409894523091787,0.008331095155702082,-0.008821139876337758,-0.004010418049725169
14,-0.0026597317042043045,-0.004720561764423006,0.042869110148133716,-0.011945335247781654,0.0001112844320103213,-0.4658054732768928,0.008012313623057895,0.01354332259281015,0.01745198664836134,0.002049008936066985,0.02794750025239642,-0.0016156272660698132,0.00017264585302142463,-0.249570071671706,-0.0016326501332660898,-0.12682955630104384,-0.013583923683140488,0.015409392707621756,-0.028320664163185155,0.006421128550620728,-0.06284455136814222,0.09100023511744815,-0.1459224831870067,-0.004787387197001565,-0.2638635414752038,0.043304561970830394,-0.763714782966406,-0.020291809282137613,-0.03437496188104342,0.04781310556603354,-0.014304503410918181,-0.0652000524965455,0.022536861218985082,0.013590489117078317,0.0189600206117775,0.02970835385088066,0.009663899299280115,0.004450047919232147,-0.03670339513116062
15,-0.01619974455679856,0.7465460799100242,-0.04881940555243414,0.00434258263110409,-0.0009224333354794212,0.03757502639395568,-0.019689341256558236,0.010768862923173137,-0.6588396514986413,0.02749575255308341,0.015355730837528914,-0.004382647551091296,0.005156341181486226,-0.02859044183412405,-0.016873404389205707,-0.015428244759144586,0.0009444564460311569,-0.016719982953179263,-0.0026463478825457048,-0.0005891597315696746,-0.003189391096839405,0.005492998938041774,-0.010986832682054179,-0.0002942647035412309,-0.015518405956383008,-0.005535145086781769,-0.02423339654518477,-0.001736334940398783,-0.0012375109950824644,0.0033621374846930954,-0.0011598277855022624,-0.003251695612707637,0.00276814399786885,-0.0015343637755763089,0.0019248154317262052,0.000940033772051285,-0.00020871878205365617,-0.016958704005439897,-0.0016815035254994254
16,0.003488893373328826,-0.001817729200395822,0.023169660452431327,-0.03881151187741985,0.00021481547793362685,0.026571762067177065,-0.0008870627752776496,-0.01263308064095254,0.00044317377145887784,-0.003141925536260556,-0.006599988687328493,-0.005007974651198086,0.004912053411408424,0.005857258741630251,0.010022684001055751,0.007919817726145478,-0.014458836335506084,0.008105442941522132,0.010296940591380593,-0.009605615856200497,0.04960642180483362,0.9806419318303383,0.029780724997228794,0.0027076283845288494,0.041283740386190364,-0.14472275577286936,0.05980980617408188,0.012895326589347868,0.018407157025001196,-0.022752890498420112,0.00282142663338345,0.01927303512999164,-0.005384067695860563,-0.008874573931465282,-0.0014462090299387491,-0.012834562507708135,-0.044481884692116495,0.028311640999120175,0.024590155085726328
17,0.04232099183043467,0.0008322828970138262,-0.7876506306397459,0.5289697888328597,-0.000322565079243202,-0.07175934267015732,0.0028406254950252576,-0.018457780633406907,0.053185231917291534,-0.026661757657497114,0.042791874177050056,0.2143663438197041,-0.10886085682272764,-0.004904750527520151,-0.006199987911977114,-0.006271045702660083,-0.14856421410220128,0.04737245900649702,0.0038351682285302498,0.006986544001503921,0.00285894334585967,0.046191656332434286,0.01483077426983589,0.0001602354618443591,0.0027491420386676524,0.04745292795116286,0.0028671322151542565,0.0029549577018980868,0.003940901303364981,-0.005124736998313629,0.0023749005341626756,0.0004352825387362402,-0.0002253272470963464,0.006192185162716136,0.0018984828327568962,0.00048833753138916,0.002673038964813206,0.01037710826846067,0.00308623155795429
18,0.06487662489044228,-0.0038612958528017882,-0.2925622148453919,-0.43385615758844,-0.0011049574663397552,-0.02780837928181115,-0.002765431813956163,-0.016168882680458244,0.03445408912129006,0.23382400522689764,0.028759963316377545,0.1576361693686465,0.1075388080377064,0.013182934930808118,0.054133367747071656,0.00930390046345372,0.21806639532076033,0.043078112826345154,0.01202106678361411,0.046357675107750955,0.006520884910204946,0.04564655696198715,0.020282532748784006,0.00037843604151224,0.0045627186414785754,0.21184572361272375,0.006819239135888019,-0.0026805223044137636,0.0032437793195977714,-0.010536227096331511,0.003999681846458657,0.005427729570988816,-0.0022816957241408088,0.05692461696359127,0.004936663261885401,-0.007402752631848359,0.03335378455420167,-0.7216516094015367,0.006163312696825153
19,-0.10474604465794823,-0.02421853986569744,0.3896785490938536,0.629955285902104,0.009374826917723442,0.008187793520087413,-0.013742720904236878,-0.0908119026828394,-0.03087807869382361,0.17549048523617164,-0.07246937950320084,-0.17928540047171027,-0.15194497318069428,0.007716377695932203,0.021872544568537555,0.006224940714427658,-0.05127793721429288,-0.1677287298346276,0.008712695588053576,0.03186731404675515,0.005262586334342561,0.06007070279346628,0.01700091740108937,0.0004674003666342639,0.004036730198038542,0.21514463090092545,0.007045949524659382,0.0020501412518055036,0.007908295224043982,-0.0270341915301782,0.0031702763650139315,0.005147538932751123,0.001198925534983171,0.06039192360845488,0.0074219757751069525,0.00023847261085167235,0.013597043565186305,-0.5014523382247167,0.006252014946459618
20,0.004797535736364364,-0.009438719741170477,-0.01706166076506082,0.09113071789758642,0.00014352489037039104,-0.02522944989825379,0.007544035895886772,-0.08693709925786074,0.008356794619772304,0.14084883407074156,-0.054479174651128746,0.033746787237541806,-0.041971943799801736,-0.009477522073535726,0.05268035466361239,-0.008259250141286251,0.11565881482083235,-0.02381073700840045,-0.03605779132105522,0.03652927212534983,-0.02348475852462593,-0.11140475170060456,-0.09087023060838785,-0.0024150747567938374,-0.018271058849682806,-0.9206914742781385,-0.0160941550677974,-0.00883238889985882,-0.015367934276214393,0.07620999846007961,-0.024623828114349093,-0.01985048363572514,0.013573123536963124,0.04809876531689845,0.011642344710084903,0.010596416834713606,0.03745646916550632,-0.23714303683459964,-0.027436072664916603
21,0.0126633288287581,0.011018790796280584,-0.05730916833534893,0.00806257299995079,-0.010660406365559557,-0.0003199476420333927,0.016159776977292286,-0.8230884610710827,-0.0015867011584369544,0.07293518576357437,0.08128869868578291,-0.262908139997837,-0.07429945420277956,0.0009455210998686343,-0.0560904408352224,-0.006401847523716182,0.26874457299299115,0.3677043575885879,0.0005939190828329181,-0.011236667717457764,-0.0013470354839463694,-0.0012994602408107543,-0.0027928311695697037,-0.0006119169629298847,-0.00823814413124389,0.06869245813591483,-0.004408123810988733,-0.0015758114366349702,-0.00031912147715626606,-0.0041716881480796855,0.0004986744240611359,-0.0024112171168397824,0.0015903539070563414,-0.06590712002356107,-0.005102502019616616,-0.0027740422256967903,-0.014964018056246663,0.1084058084886205,0.002041900313519036
22,0.07011569036866958,0.02163897399710235,-0.12458974261237198,0.07500506386712917,0.010930111442268468,-0.006266874868307825,-0.023504501752593266,0.2838840054080886,0.03295239096074085,-0.4745354224057393,0.42582368149859795,-0.5171387960882455,-0.08649792509440722,0.004972707763878586,0.0862254284105489,0.0027569005386946597,0.4213722117833997,-0.028548406241178187,-0.00039603421232427494,0.04058571481375356,0.0019536587674768985,0.01180000595618353,-0.0008396131973720892,0.0001853789827863207,0.0019060829899071152,-0.03966382392801861,0.0015454697349241429,0.0006589945777730757,0.0025293410017552375,-0.017513082046935545,-0.0006581693540526599,0.0017496034507804782,0.002844024053548767,-0.04350481688236595,-0.0014415440406947428,-0.01085536659429753,0.011301177762531088,-0.13410130425587535,0.00045316295628698174
23,0.1270397459991222,-0.004602034615678552,-0.1454976188126191,-0.01901058833138976,0.002343433641014852,-0.00509140569616723,-0.05055283008276347,0.3300732105131889,0.013996276845857032,0.44144885735475753,-0.24661998414735142,-0.6005537030975566,0.05625875742206925,-0.005329307373284255,-0.013503855056751907,0.00317075063607215,-0.21912875690433375,0.42153291282845434,0.0048795768378288125,0.005272317560547143,0.000836489566699039,-0.006577653373588548,0.012114606986413355,0.00036706797796658396,0.004051185578487987,-0.018907653625100013,0.0035563675882363463,0.0019293509147792502,0.0007480296890052984,0.013650341983396482,0.0030333025089668048,0.001437215254105186,-0.007282528452310517,0.0397233416557148,0.0010424528057167972,0.0034485733769595776,0.02829188003423081,0.0429370714231576,0.0014573045947335653
24,0.19687083667372493,0.039984094049081494,-0.11796254807627987,0.022051841706639735,0.007940888239466214,-0.04496018340542211,0.06885139899519953,0.05732938022002398,0.06014716779455622,0.361364721363399,-0.32731067053862867,-0.0724516346615939,-0.1744251596516195,-0.013164577329173293,-0.01321185604399789,-0.009225262151480946,0.5417797686949333,-0.509597815690666,-1.9389970605605257e-06,-0.024951239546226685,0.003458908178708863,0.017086722825468754,0.003242453457905252,0.00030463582134429573,0.001011428156047814,0.08087549142058391,-0.0006655229404717714,0.001285446301616833,0.0023021858888989145,-0.01291245604423222,0.0011122737790196077,0.0013334018323691251,0.0027177368386580238,-0.16970762525877373,-0.006927667533547055,-0.003357940269044155,-0.03971477238572552,0.2576017102137703,0.0038343702743244717
25,-0.48334470734169543,-0.022570897354626706,0.0835920702780426,0.11084447759730835,0.03713487755214612,0.0042984251603300945,-0.1029914969463787,0.29007383400840436,-0.027676872883125966,0.004041841192608024,-0.18542144367626837,0.28567484595060755,-0.20409602966094492,-0.008519086580483004,-0.14890513937051236,-0.001046999785555875,0.45007520806424484,0.5017717136687824,-0.0021816828936729394,0.010197611384297707,0.00301499638926281,0.012572386506008705,2.0898504218867887e-05,0.00031310459436635754,0.003031777493008804,0.025506208208111215,-0.00021637587423359986,0.0017215102397692664,0.0019623828896908743,-0.05636583784211487,-0.0011399857484547663,0.0011508288748111877,0.0061012671950176145,-0.10019870943949095,0.00417520239755801,-0.005948473908780412,-0.016102085970032102,0.030228834146443506,0.00194992692772396
26,-0.07216879743241875,0.0021351545637665354,-0.00416664954681813,0.008605850510055203,0.004357004768000508,0.020432727929327738,-0.009353798911062678,0.011004621481559904,0.004760557568833803,-0.009465671830764718,-0.01013505075291009,-0.003140674444353824,-0.01479241515438326,0.025194008181004847,0.06643526450900539,0.019038591306898518,0.021813230142863856,0.007118113913072822,0.004489536336424314,0.012237722177731145,0.005300233114230467,0.023285974141962394,0.013481486140378824,0.0020854723192047916,0.007546539681227489,0.0721778480624586,0.028473032213984832,0.005074157651450046,0.02047568458464877,0.9793866152440939,0.002984690906177651,0.011679976523172056,-0.06952608141499042,-0.04429318671973011,-0.006304920854393085,-0.0686413529221032,-0.0961231601085942,-0.0012471956727699712,0.009440408494706237
27,-0.5691071836314218,0.045150613052459584,-0.1270414227394934,-0.07847841115786068,-0.012479776172411217,-0.013924465659722222,0.1041115413946946,-0.0692245518501762,0.05193239491280756,0.04728895693991132,-0.07653324173056916,-0.1401093567802559,0.04247881454023466,-0.006369779668166701,0.7558068403693793,-0.002423381324492384,-0.055265341394232524,-0.11785223065601126,0.0014707767065183523,-0.028785738692077636,-0.0010448203957985252,-0.008438772961049307,0.004788022084648376,-0.0003106605997381511,-0.0011131127761768677,0.016158207222716478,-0.0029131283546694137,-0.0013176444284046772,-0.0038646309268152573,-0.08810586146290042,0.0009358773852915365,-0.002131156002220221,0.002518173895933256,-0.019157080812287255,-0.005659242836241843,0.00920109871076245,0.015266927501356537,0.0750637963923003,-0.0006046505686665644
28,-0.42232873243469937,0.017564297325561917,-0.04683691639834857,-0.012818107359516532,-0.0011414607919949466,0.007445143693295344,0.23904224423687412,0.06047343057624058,0.07121955205307623,0.44021493363049724,0.5878851141153087,-0.06432174742814195,0.11044815892711303,0.03098592938199798,-0.3857728653427898,0.01758433068669137,-0.027468505377842876,-0.17204615767681822,0.0023495179344386642,-0.07011169723360494,0.0015124684071215289,0.0038594320343499086,0.0036402838388686822,0.0004464784996173514,0.0009809520500224322,-0.030961555418304695,0.003904354453739886,0.0015985731045062121,0.0012875108173336627,0.011259696414011929,0.0018767086979836808,0.003975546680498243,-0.011093597068939072,0.0023901151831855843,-0.02949369088375433,-0.0036053022117643455,0.009286912647220586,0.09844311842345027,-0.00048068545177126933
29,0.22180332613515014,-0.09284914592651487,0.09373587865056714,-0.11808960015357306,0.0018430477491122726,0.022532636675912886,-0.17368961988350706,0.06635195537235647,-0.1107876537127242,0.263940793357012,0.38683548973724896,0.1501461669399009,-0.7051280586083868,0.011742913941744369,0.300140290381159,0.012080733759297416,-0.09501331524843805,0.09359734108132103,0.0005148607852176074,-0.11036128958155136,-0.0003786851436764272,-0.004035114072879543,0.0025556609344771246,0.0002643004607694027,4.460144251281302e-05,0.01713682516340882,0.00213339314622066,-0.0015042610738834317,-0.002489091046761453,-0.0008022173016791241,0.0004757888359355666,0.0020301292565724997,-0.005669776515928152,0.06492647523438362,-0.014455371765077859,0.00037166422664027497,0.039792392467541564,0.07954065028839839,-0.0013156067803414921
30,-0.011459771139386081,-0.005586675166313266,-0.0061630129651940105,-0.028459346770937338,-0.0011909403310864297,0.005133657662864628,0.019402784477676554,0.005462547396433435,-0.005337408285500194,0.04610722385768184,0.04432815767859142,-0.005032778235539728,-0.06664261836188588,0.0033654128932734764,0.017169639088905463,0.0028400438166985746,-0.023628968049719756,-0.0011678478522562867,0.0013741684138108606,0.5504569205080316,-0.0056340386345918305,-0.03214828489810229,0.00264489440644222,4.483997833817541e-06,-0.004414293653332537,-0.00847267424415668,-0.009722649546147563,0.0004348736736944953,-0.00021003607881782052,-0.07255667786468123,0.0006022361295079093,0.0022523966298393125,0.020799807306171453,0.14224550813940748,-0.035029991744054835,0.07881970739447738,-0.8067986250727993,0.022426308823824195,-0.005453569459747599
31,-0.016450592250014804,-0.008224176270420753,-0.025998237256967184,-0.11656988236606053,0.005051717918126965,0.016807832477999864,0.8153724410400092,0.015463710110336246,-0.042477601572947936,-0.1741420103260118,-0.19291287256765774,-0.056037864385955045,-0.3881441164952168,-0.015268919391565581,-0.1153884279916733,-0.008115705581677192,-0.07423911327438015,0.05408925472990914,0.0011547727771417696,0.07271727591278103,0.0019135351764350327,0.005359868330095759,0.005524332136095313,0.0003928053296561224,0.0024153520614004394,0.008955729677152096,0.0013765835480297752,0.0014956478258348201,0.0022944473540315474,0.01706985290994816,0.0006992066659577618,0.0022605968203488302,-0.05077369251497604,0.21100571043504393,0.03980784906828041,-0.07019346829553329,0.10950739864882973,-0.058884914168790894,0.002999832345767005
32,0.008687846715948643,-0.012217878857817265,0.006795800090582987,0.005477807107728968,-0.0020107902979679664,-0.0002723588217954957,-0.01713884158112539,-0.0007599288726128886,-0.014235844603824018,0.017250361619133764,0.028884737024742358,0.009346800483591941,0.014838357240223343,0.0006275423251106793,0.012741175010049477,-1.1027647694839402e-05,-0.01024609856834077,0.0005222398213288778,-0.007004930587925274,0.07231377219502874,-0.0021399112537470216,-0.004143755920308928,-0.0071422406776527735,-0.00034924524833706243,-0.003007797008326009,-0.010351013857093132,-0.009362925498378675,-0.0010657113205388708,-0.0025125026021456894,-0.05248176086060548,-0.004387810370102529,-0.0021199627508928284,-0.8442029314506307,-0.13297748809101528,0.4923377920117724,0.12796496180334133,0.0015998639510415521,-0.00099306418299705,-0.00363758000187229
33,0.16015032967780798,-0.42242286694900527,0.03773612993236693,0.11065413859829298,0.013425005549299271,-0.011448746677127936,0.3249182124549012,0.06378572474821836,-0.4919747417920701,0.08665770599578045,0.1181263585863234,0.0816490623819464,0.23394286944495934,0.007283657242017906,0.1763304674945411,0.0040603870713023914,0.03541095126788061,0.11216715992322766,0.004097873965218054,0.053520527474944596,-0.001354975664559955,-0.0023485037453723338,0.0012201252296334467,-0.00012524831467081258,0.00018889344013590728,-0.0022053002740491105,0.0021115372493392087,0.00024181542416113177,-0.0013381700756742243,-0.004271480271843707,0.003044244446759631,-0.0018671024275346785,0.11908092273599108,-0.5236783457541064,-0.010420548769765134,0.09477300521165613,-0.04090283195870551,-0.016449568244843095,-0.0030328136560971177
34,0.05213633344113008,-0.17500170661777434,-0.013870843085833372,0.07672687406689592,0.018199582883563426,-0.0024750439869103986,0.08402632927943189,0.027539855011289284,-0.20256654775703575,-0.005743399452759267,-0.01911595963601366,0.010546880453204226,0.16621337615770113,-0.00704687976319511,0.0597049833706114,-0.002982576808495884,0.1623026768396778,0.03785926286882732,-0.007285819514811912,-0.6745095594035722,-0.004697021250325773,-0.015752749886063667,-0.0013020793473289608,-0.00023101895747978612,-0.007475669284382671,0.0006064503807069255,-0.008791424225369167,-0.001033759274090573,0.0027312484137756348,-0.01672335706818738,-0.0036948887816185614,-0.00157622730887422,-0.15122429126894635,0.46430892549920433,-0.05789823236831827,0.04327531464430253,-0.3903527912342469,0.008613749680783649,0.00016598819460709343
35,-0.003521032602280816,0.19113200801055255,0.008449964528344876,-0.04425844464780268,-0.0047675612657445505,0.029362205778218083,0.08021186839204567,0.0033098670605905523,0.2152657641014322,-0.0654563113498153,-0.04330077876143282,-0.019561367417059054,-0.13219771402746697,-0.005731699563658394,-0.05250774937638609,0.004930322647739099,-0.0991938408111076,0.023310974174427995,0.0013440056922435094,-0.22434144164135658,-0.0032807735968195684,-0.0014455912503956389,-0.0009825132773491612,-0.00016458543638508304,-0.001515325063651943,-0.014714878687953249,0.008442452417714717,-0.0013745006055691181,0.0006827432418213319,0.03614375296940418,0.001839487619706728,-0.0013355061600175229,-0.0078115918154304485,-0.2801452145892095,-0.24057140178501482,0.8115842405409174,-0.11133246250616165,-0.10537510650820163,-0.002813929800059114
36,-0.0019143539762963638,-0.1446912871516335,-0.008762530335646094,0.0306078125846214,0.005927396726485465,-0.0035403671242326736,-0.050341667094119726,-0.006717618254531558,-0.16555473817577673,0.025283368037168262,0.003427421373536246,0.016981040925217142,0.07963763638175503,-0.02177621087054332,0.026439533741777845,-0.005772434844972623,0.0899118218346478,-0.02043087127151917,-0.01029590420446954,0.3002273007348148,0.00390836509325726,0.01874668904515981,-0.00346117755640775,-3.233665853117129e-05,0.002741660044749209,0.01764049636656493,-0.007695374037347891,0.0007308026993134825,0.002387951884976934,0.006062477242202448,-0.005963853850752799,0.0013449310656776115,-0.4082001800638484,0.2474409021911372,-0.7194048922912022,0.11336204242849028,0.2736789381447676,0.08234814178393746,0.0035390921990162325
37,0.07152696387740858,0.21141247680086417,0.051532452875514514,0.0062814605136368995,-0.0018432090391026466,-0.010956484607446297,0.1050971684411477,0.0207596199977475,0.2306829108733401,-0.01827298705248743,0.007024468885343248,0.027721745718932496,-0.045490942179042315,-0.027624206896661473,0.025867508740367657,-0.011217248296682534,-0.11114200577070836,0.07488617461789703,-0.01563347568608004,-0.2241573901113925,-0.011153936704986569,-0.030180853627441395,-0.01766455502759514,-0.0018710059216658563,-0.008571073753891684,-0.042495618827251246,-0.024744384305691976,-0.006192806740052183,-0.012090200623805369,-0.09079768898596807,-0.010603014367640759,-0.009459396689065478,-0.2702449334451204,-0.4401311261493096,-0.4118909794913717,-0.52877083999097,-0.259811090249617,-0.11514169972738891,-0.014680226737201884
38,0.3135965749632072,0.33718805273715075,0.19547242276999244,0.22193480456280631,0.053680562801434684,0.033337253013974735,0.28909897483992425,0.09416823229209474,0.34900452796256115,0.1587492947450326,0.19577046164541786,0.23149531164268636,0.29686501583582314,0.015652858441714382,0.30500604656392183,0.01107518656959645,0.20220743923767,0.25346729596809675,0.015085843506296841,0.11165048714280998,0.007137875026962699,0.012232075699285621,0.01768535633823944,0.0014742094005997545,0.004564143008442763,0.04153389811860154,0.005905887828600564,0.004872614451648876,0.006707956298159845,0.02036335398043891,0.01069726860349448,0.00574208271059134,0.03330699083690934,0.17620388207112184,0.05997354824462778,0.06210372959481583,0.09545385986283186,0.11831171334559121,0.011712494418795362
